999 2648
0 633
0 927
1 583
1 551
1 553
1 496
1 627
1 373
1 469
1 567
2 96
2 325
2 104
2 456
2 234
2 712
2 622
2 399
2 914
3 440
3 90
4 704
4 548
5 352
5 802
5 675
5 132
5 828
5 392
5 936
5 746
5 623
5 210
5 275
5 758
5 796
5 574
6 905
6 660
7 421
7 615
8 832
8 769
8 258
8 162
8 833
8 38
8 521
8 471
8 313
8 604
8 222
8 703
9 994
9 325
9 902
9 743
9 390
9 104
9 234
9 554
9 980
9 22
9 665
9 26
9 923
9 540
9 605
9 31
10 27
10 908
11 987
11 197
12 352
12 361
12 204
12 237
12 174
12 591
12 720
12 526
12 403
12 629
12 789
12 891
13 705
13 949
14 992
14 33
14 72
14 846
14 112
14 689
14 85
14 185
14 287
15 882
15 124
16 549
16 541
17 992
17 772
17 773
17 72
17 689
17 563
17 564
17 598
17 185
17 255
18 259
18 230
18 264
18 970
18 522
18 747
18 620
18 111
18 21
18 406
18 983
18 830
19 806
19 766
20 744
20 249
21 164
21 518
21 264
21 522
21 970
21 620
21 111
21 721
21 406
22 738
22 995
22 325
22 390
22 104
22 456
22 432
22 272
22 923
22 605
22 31
23 336
23 814
24 192
24 259
24 351
24 522
24 747
24 111
24 279
24 319
25 289
25 543
26 995
26 234
26 272
26 432
26 221
26 702
27 597
28 992
28 354
28 805
28 614
28 551
28 650
28 235
28 563
28 339
28 469
28 598
28 627
28 185
28 93
28 638
29 96
29 483
29 388
29 712
29 456
29 780
29 622
29 399
29 785
29 499
29 214
29 855
29 443
30 480
30 904
30 520
30 110
30 750
30 174
30 379
30 629
30 662
30 315
30 860
30 607
31 605
31 902
31 456
31 104
31 712
31 272
31 432
31 665
31 923
31 221
32 843
32 398
33 992
33 772
33 773
33 650
33 563
33 564
33 85
33 598
33 181
33 185
33 93
33 287
34 585
34 634
35 517
35 903
35 424
35 873
35 680
35 491
35 561
35 177
35 310
35 375
35 603
35 413
35 511
36 225
36 164
36 645
36 518
36 230
36 970
36 747
36 620
36 557
36 721
36 983
36 406
36 694
36 442
36 830
37 586
37 323
38 832
38 258
38 578
38 387
38 133
38 933
38 205
38 826
38 317
38 604
38 637
38 703
39 206
39 510
40 416
40 724
41 66
41 86
42 978
42 670
43 304
43 63
44 514
44 167
44 172
44 750
44 174
44 592
44 379
44 533
44 662
44 315
44 860
44 797
44 607
45 715
45 119
46 881
46 611
47 984
47 725
48 769
48 578
48 258
48 646
48 328
48 845
48 305
48 691
48 313
48 60
48 317
49 920
49 216
50 940
50 343
51 321
51 652
52 409
52 599
53 616
53 246
54 363
54 156
55 666
55 700
56 384
56 266
57 516
57 132
57 524
57 365
57 492
57 531
57 373
57 567
57 828
57 574
57 895
58 753
58 798
59 100
59 494
60 833
60 162
60 961
60 769
60 646
60 313
60 845
60 589
60 404
60 217
60 317
61 108
61 454
62 215
62 631
63 535
64 576
64 439
64 867
64 261
64 138
64 779
64 782
64 821
64 214
64 507
64 120
64 667
65 993
65 324
66 240
67 89
67 594
68 795
68 806
69 971
69 695
70 683
70 935
71 672
71 163
71 772
71 297
71 850
71 948
71 918
71 279
71 189
71 639
72 992
72 287
72 773
72 650
72 463
72 563
72 85
72 598
72 185
72 255
73 125
73 886
74 416
74 389
75 145
75 451
76 714
76 934
77 915
77 276
78 832
78 833
78 578
78 162
78 769
78 933
78 258
78 646
78 133
78 128
78 845
78 305
78 313
78 317
79 452
79 455
80 787
80 764
81 385
81 188
82 808
82 696
83 273
83 579
84 928
84 359
85 992
85 772
85 773
85 846
85 463
85 689
85 639
85 563
85 564
85 181
85 598
85 185
85 93
85 287
86 136
87 835
87 651
88 679
88 904
88 520
88 719
88 177
88 690
88 561
88 375
88 794
88 379
88 860
89 393
90 270
91 458
91 932
92 458
92 986
93 772
93 614
93 235
93 689
93 339
93 564
93 469
93 185
94 250
94 103
95 808
95 219
96 388
96 261
96 807
96 779
96 780
96 460
96 622
96 499
96 507
96 443
96 214
96 855
96 120
96 667
97 972
97 412
98 985
98 969
99 148
99 381
100 200
101 387
101 965
101 198
101 681
101 521
101 106
101 205
101 976
101 977
101 826
102 960
102 644
102 741
102 426
102 880
102 340
102 917
102 693
102 760
102 569
102 989
102 190
103 342
104 995
104 738
104 390
104 554
104 234
104 780
104 272
104 785
104 923
104 605
105 445
105 710
106 205
106 333
106 976
106 977
106 411
106 924
107 498
107 767
108 527
109 148
109 877
110 449
110 679
110 904
110 719
110 561
110 690
110 755
110 533
110 794
110 379
111 259
111 485
111 230
111 395
111 620
111 747
111 431
111 116
111 406
111 983
111 442
111 508
111 319
112 255
112 772
112 287
112 639
112 948
112 189
112 799
113 168
113 481
114 256
114 466
115 122
115 374
116 192
116 259
116 319
116 264
116 329
116 747
116 395
116 301
116 918
116 663
116 351
117 349
117 909
118 732
118 165
119 440
120 867
120 388
120 483
120 582
120 807
120 137
120 779
120 460
120 507
120 821
120 214
120 439
120 667
121 356
121 621
122 775
123 512
123 644
123 741
123 519
123 686
123 569
123 303
123 340
123 728
123 857
123 190
124 706
125 565
126 129
126 341
127 497
127 142
128 833
128 769
128 578
128 305
128 691
128 404
128 217
129 398
130 321
130 953
131 562
131 243
132 675
132 828
132 392
132 746
132 524
132 623
132 373
132 758
132 796
133 832
133 578
133 258
133 933
133 471
133 604
133 637
134 544
134 345
135 244
135 590
136 173
137 160
137 576
137 867
137 748
137 782
137 335
137 347
137 411
137 821
137 439
137 507
138 160
138 288
138 576
138 867
138 261
138 748
138 333
138 335
138 626
138 889
138 347
139 875
139 708
140 437
140 334
141 649
141 819
142 151
143 707
143 269
144 901
144 998
145 419
146 893
146 685
147 418
147 556
149 259
149 164
149 230
149 518
149 970
149 620
149 557
149 721
149 694
149 983
149 830
150 389
150 718
151 868
152 916
152 159
153 952
153 506
154 393
154 673
155 692
155 581
156 937
157 532
157 558
158 459
158 590
159 964
160 288
160 576
160 867
160 907
160 939
160 335
160 977
160 626
160 821
160 889
160 347
161 541
161 502
162 832
162 578
162 933
162 305
162 826
162 222
162 604
163 672
163 255
163 287
163 846
163 465
163 948
163 663
163 799
164 736
164 225
164 518
164 711
164 970
164 557
164 721
164 406
164 694
165 922
166 825
166 377
167 480
167 449
167 679
167 520
167 904
167 750
167 755
167 379
167 533
167 794
167 315
167 860
168 762
169 973
169 239
170 897
170 173
171 672
171 287
171 297
171 846
171 465
171 850
171 948
171 918
171 663
171 279
171 861
171 799
172 514
172 552
172 204
172 237
172 174
172 315
172 662
172 891
172 414
174 552
174 204
174 237
174 592
174 315
174 720
174 403
174 789
174 662
174 629
174 891
174 607
175 832
175 578
175 387
175 355
175 258
175 587
175 205
175 703
175 471
175 826
175 637
175 222
175 831
176 180
176 316
177 449
177 679
177 680
177 719
177 816
177 561
177 375
177 248
177 761
177 794
177 603
178 196
178 326
179 749
179 981
180 834
181 992
181 235
181 627
181 564
181 469
181 598
181 563
181 185
182 534
182 487
183 384
183 391
184 529
184 642
185 992
185 614
185 235
185 463
185 563
185 339
185 469
185 598
185 627
186 815
186 343
187 265
187 957
188 676
189 672
189 772
189 773
189 846
189 463
189 850
189 799
189 861
189 255
190 224
190 296
190 968
190 426
190 569
190 880
190 657
190 728
190 917
190 470
190 760
190 857
190 989
191 632
191 670
192 259
192 485
192 230
192 522
192 395
192 747
192 983
192 508
192 319
193 884
193 455
194 512
194 903
194 686
194 849
194 402
194 340
194 917
194 310
194 951
194 760
194 603
194 511
195 963
196 476
197 289
198 355
198 965
198 907
198 333
198 205
198 976
198 626
198 831
198 823
198 889
198 703
199 726
199 510
200 870
201 640
201 326
202 841
202 428
203 314
203 252
204 352
204 552
204 232
204 361
204 936
204 591
204 237
204 275
204 789
204 891
204 607
205 387
205 965
205 681
205 831
205 504
205 826
205 604
205 637
205 222
205 703
206 530
207 358
207 239
208 609
208 575
209 868
209 613
210 492
210 496
210 531
210 436
210 373
210 758
210 796
211 776
211 737
212 929
212 962
213 330
213 292
214 807
214 779
214 460
214 622
214 785
214 914
214 499
214 443
215 534
216 886
217 769
217 578
217 833
217 933
217 646
217 845
217 919
217 313
217 317
218 969
219 562
220 256
220 636
221 994
221 325
221 390
221 238
221 432
221 665
221 540
221 990
222 832
222 769
222 578
222 521
222 826
222 637
223 257
223 493
224 960
224 448
224 296
224 426
224 238
224 569
224 693
224 566
224 990
224 857
224 989
225 961
225 518
225 970
225 461
225 557
225 528
225 404
225 694
225 830
226 749
226 927
227 353
227 902
227 743
227 236
227 238
227 980
227 540
227 989
227 990
228 961
228 645
228 646
228 518
228 328
228 589
228 557
228 845
228 528
228 404
228 694
228 919
228 664
229 579
229 804
230 736
230 259
230 264
230 970
230 620
230 721
230 406
230 983
230 442
231 616
231 453
232 552
232 526
232 591
232 315
232 629
232 891
232 414
232 607
233 628
233 734
234 738
234 995
234 325
234 923
234 456
234 712
234 554
234 780
234 622
234 272
234 785
234 665
234 443
235 992
235 805
235 614
235 551
235 553
235 650
235 689
235 627
235 598
236 448
236 353
236 994
236 296
236 569
236 693
236 857
236 540
236 989
236 990
237 352
237 514
237 361
237 526
237 591
237 623
237 275
237 789
237 662
237 891
238 353
238 994
238 448
238 960
238 296
238 432
238 566
238 470
238 540
238 989
240 545
241 572
241 991
242 276
242 655
243 716
244 544
245 922
245 759
246 912
247 974
247 710
248 517
248 903
248 424
248 680
248 491
248 719
248 561
248 413
249 723
250 744
251 342
251 911
252 369
253 775
253 407
254 817
254 338
255 287
255 297
255 639
257 357
258 769
258 833
258 578
258 933
258 471
258 317
258 637
259 485
259 747
259 620
259 395
260 619
260 486
261 483
261 867
261 388
261 582
261 460
261 782
261 507
261 821
261 439
261 347
261 667
262 717
262 565
263 363
263 427
264 329
264 522
264 747
264 395
264 620
264 983
264 442
264 508
264 351
265 364
266 421
267 370
267 635
268 953
268 733
269 879
270 588
271 371
271 973
272 738
272 456
272 780
272 914
272 443
272 855
272 923
272 605
273 827
274 921
274 958
275 352
275 802
275 675
275 936
275 746
275 524
275 623
275 854
275 828
275 414
277 624
277 938
278 612
278 733
279 672
279 297
279 329
279 301
279 465
279 850
279 948
279 918
279 663
279 799
280 836
280 575
281 624
281 661
282 928
282 810
283 881
283 468
284 888
284 479
285 817
285 677
286 312
286 776
287 992
287 772
287 773
287 297
287 639
287 689
287 850
288 576
288 582
288 681
288 907
288 335
288 977
288 626
288 347
288 823
288 889
288 411
290 512
290 866
290 517
290 519
290 968
290 903
290 849
290 917
290 951
290 728
290 603
291 757
291 959
292 956
293 568
293 877
294 949
294 950
295 729
295 954
296 960
296 353
296 448
296 644
296 426
296 880
296 657
296 693
296 989
297 672
297 773
297 850
297 663
297 861
297 799
298 656
298 765
299 417
299 726
300 930
300 386
301 672
301 351
301 329
301 395
301 465
301 948
301 890
301 861
301 799
302 577
302 827
303 960
303 512
303 519
303 426
303 569
303 849
303 657
303 340
303 760
303 857
304 853
305 769
305 833
305 933
305 919
305 664
306 696
306 901
307 613
307 454
308 625
308 847
309 803
309 669
310 866
310 517
310 519
310 873
310 402
310 917
310 951
310 601
310 603
310 511
311 433
311 701
312 372
313 833
313 578
313 769
313 845
313 919
313 317
314 610
315 480
315 904
315 750
315 720
315 592
315 403
315 501
315 662
315 629
315 533
315 860
315 607
316 892
317 832
317 578
317 933
317 646
317 919
317 604
318 495
318 527
319 522
319 431
319 918
319 890
319 508
319 351
320 408
320 400
322 488
322 929
323 556
324 466
325 995
325 902
325 712
325 554
327 908
327 988
328 833
328 536
328 461
328 845
328 528
328 919
328 664
329 672
329 663
329 395
329 431
329 948
329 918
329 799
329 861
329 351
330 887
331 473
331 475
332 450
332 844
333 681
333 748
333 347
333 626
333 504
333 889
333 411
334 372
335 576
335 867
335 582
335 939
335 748
335 782
335 626
335 823
335 889
335 347
336 570
337 984
337 581
338 478
339 805
339 614
339 553
339 365
339 563
339 627
339 469
339 598
339 638
340 644
340 741
340 519
340 968
340 686
340 951
340 728
340 569
341 441
344 464
344 851
345 381
346 376
346 348
347 576
347 867
347 582
347 748
347 626
347 821
347 411
348 765
349 718
350 380
350 631
351 431
351 983
351 442
352 514
352 392
352 552
352 936
352 789
352 854
352 891
352 414
353 960
353 448
353 743
353 432
353 980
353 693
353 566
353 540
353 989
353 990
354 614
354 551
354 583
354 365
354 469
354 567
354 856
354 895
355 587
355 976
355 831
355 504
355 826
355 637
355 703
356 751
357 633
358 955
359 840
360 875
360 742
361 802
361 675
361 392
361 552
361 526
361 623
361 789
361 854
361 758
362 697
362 762
364 871
365 516
365 805
365 423
365 583
365 492
365 627
365 469
365 436
365 567
365 856
365 895
366 883
366 405
367 505
367 946
368 459
368 838
369 735
370 979
371 798
373 516
373 423
373 492
373 496
373 531
373 436
373 567
373 856
373 796
373 574
373 895
374 571
375 449
375 424
375 680
375 873
375 491
375 816
375 690
375 755
375 794
375 413
375 383
376 778
377 422
378 729
378 641
379 480
379 449
379 520
379 679
379 720
379 592
379 629
379 501
379 533
379 860
379 607
380 700
382 941
382 430
383 679
383 520
383 424
383 904
383 680
383 561
383 690
383 755
383 794
383 797
385 964
386 490
387 521
387 976
387 504
387 604
387 637
387 831
388 807
388 779
388 460
388 782
388 399
388 507
390 743
390 554
390 980
390 990
390 540
390 702
391 870
392 802
392 675
392 936
392 623
392 591
392 531
392 758
392 828
392 574
394 497
394 972
395 485
395 522
395 465
395 918
395 983
395 890
396 892
396 685
397 754
397 546
399 738
399 995
399 807
399 456
399 780
399 499
399 855
399 667
400 988
401 640
401 959
402 866
402 517
402 680
402 686
402 601
402 849
402 761
402 603
402 413
403 480
403 514
403 720
403 592
403 501
403 662
403 629
403 607
404 645
404 646
404 711
404 536
404 557
404 845
404 528
404 664
405 945
406 518
406 970
406 747
406 694
406 983
406 442
407 595
408 993
409 438
410 537
410 695
411 681
411 939
411 748
411 907
411 626
411 823
411 504
411 889
412 630
413 680
413 424
413 491
413 816
413 755
413 761
413 794
413 603
414 936
414 552
414 526
414 623
414 789
414 854
415 548
415 998
417 673
418 484
419 699
420 688
420 523
422 906
423 551
423 553
423 492
423 496
423 567
423 856
423 574
423 895
424 517
424 491
424 719
424 690
424 755
424 794
424 603
425 945
425 926
426 644
426 741
426 657
426 693
426 566
426 470
426 857
426 989
427 847
428 651
429 793
429 900
430 606
431 485
431 747
431 620
431 983
431 442
431 508
432 448
432 902
432 743
432 980
432 566
432 990
433 634
434 585
434 509
435 938
435 467
436 802
436 516
436 583
436 492
436 524
436 496
436 531
436 758
437 786
438 586
439 867
439 582
439 748
439 626
439 507
441 820
442 747
442 620
443 807
443 456
443 780
443 855
443 667
444 698
444 594
445 752
446 482
446 942
447 864
447 484
448 902
448 980
448 693
448 540
448 989
448 990
449 679
449 904
449 520
449 719
449 561
449 755
449 690
449 533
449 501
449 794
449 860
449 797
450 898
451 708
452 648
453 795
456 738
456 995
456 914
456 855
456 923
457 925
457 943
460 867
460 582
460 483
460 779
460 782
460 855
460 914
460 499
460 821
460 507
460 667
461 645
461 646
461 711
461 518
461 970
461 589
461 845
461 528
461 721
461 691
461 694
461 830
462 763
462 502
463 992
463 772
463 773
463 689
463 850
463 639
464 606
465 672
465 485
465 948
465 508
465 799
467 542
468 975
469 805
469 551
469 650
469 563
469 598
469 895
470 960
470 644
470 657
470 990
470 566
470 857
471 578
471 933
471 521
471 637
471 703
472 477
472 982
473 615
474 882
474 630
475 701
476 612
477 863
478 642
479 879
480 750
480 720
480 533
480 860
480 797
481 811
482 525
483 867
483 582
483 807
483 779
483 499
483 821
485 672
485 918
485 890
485 508
486 722
487 653
488 756
489 506
489 941
490 920
491 866
491 903
491 680
491 873
491 761
491 511
492 516
492 828
492 583
492 524
492 567
492 856
492 796
492 574
492 895
493 537
494 893
495 825
496 516
496 805
496 553
496 627
496 567
496 856
498 913
499 807
499 779
499 622
499 785
499 914
500 618
500 668
501 679
501 520
501 904
501 750
501 720
501 592
501 629
501 860
501 797
501 607
503 925
503 774
504 681
504 907
504 626
504 924
504 703
505 558
507 867
507 782
507 667
508 672
508 948
508 918
508 663
508 890
509 600
511 512
511 866
511 517
511 519
511 903
511 873
511 686
511 816
511 849
511 951
511 761
511 603
512 741
512 760
512 917
512 728
513 538
513 532
514 552
514 526
514 720
514 789
514 662
514 891
515 705
515 751
516 551
516 553
516 856
516 638
516 895
517 519
517 873
517 686
517 816
517 761
517 601
517 603
518 736
518 711
518 970
518 557
518 528
518 721
518 694
518 536
518 830
519 866
519 849
519 917
519 951
519 601
520 904
520 750
520 719
520 755
521 965
521 976
521 703
521 831
522 736
522 620
523 754
524 936
524 746
524 854
524 758
524 574
525 768
526 675
526 936
526 591
526 623
526 789
526 854
528 645
528 845
528 721
528 694
529 784
530 942
531 802
531 567
531 796
531 746
531 623
531 854
531 758
531 828
533 904
533 750
533 720
533 755
533 797
535 658
536 961
536 711
536 691
536 694
536 830
538 619
539 652
539 781
540 994
540 902
540 554
540 990
542 841
543 730
545 967
546 885
547 783
547 967
549 997
550 874
550 829
551 805
551 614
551 583
551 650
551 627
551 856
552 936
552 891
553 627
553 856
554 995
554 902
554 743
554 980
555 752
555 771
557 961
557 711
557 970
557 721
557 664
557 830
559 842
559 966
560 985
560 783
561 680
561 719
561 816
561 690
561 794
563 992
563 805
563 689
563 564
563 638
564 992
564 772
564 773
564 614
564 689
566 994
566 702
566 989
566 990
567 583
567 856
567 796
567 574
568 842
569 960
569 741
569 693
569 760
569 857
569 989
570 811
571 898
572 790
573 946
573 934
574 583
574 746
574 758
574 856
574 796
576 582
576 939
576 748
576 821
577 659
578 832
578 769
578 833
578 933
578 604
580 848
580 864
582 867
582 779
582 782
582 821
583 856
583 895
584 713
584 804
587 965
587 681
587 907
587 976
587 977
587 924
588 844
589 961
589 646
589 845
591 802
591 936
591 746
591 623
591 789
592 629
592 789
592 607
593 800
593 668
595 727
596 717
596 669
597 962
598 614
598 627
599 687
600 955
601 866
601 873
601 686
601 951
601 603
602 899
602 887
603 866
603 873
603 680
603 761
604 832
604 769
604 826
604 637
605 738
605 712
605 665
605 923
607 904
607 662
607 629
608 996
608 822
609 931
610 957
611 858
614 805
614 627
614 638
614 895
617 771
617 756
618 656
620 736
620 970
621 872
622 738
622 995
622 807
622 712
622 780
622 785
623 802
623 936
623 746
623 854
623 758
625 943
626 681
626 939
626 977
626 823
627 650
627 638
627 895
628 987
629 904
629 750
629 720
629 860
632 911
635 768
636 871
637 832
637 965
637 831
637 826
637 703
638 650
638 895
639 672
639 772
639 773
639 850
639 799
641 753
643 745
643 676
644 960
644 741
644 880
644 917
644 728
644 857
644 989
645 711
645 970
645 691
645 694
645 664
645 830
646 961
646 833
646 691
647 714
647 812
648 757
649 674
650 689
653 742
654 947
654 869
655 734
657 960
657 741
657 880
657 693
657 917
657 760
657 857
657 989
658 884
659 975
660 666
661 896
662 720
662 750
662 789
662 891
663 850
663 948
663 918
663 890
663 799
664 961
664 845
664 694
664 919
664 830
665 738
665 995
665 902
665 743
665 980
665 923
665 702
667 867
667 807
667 782
667 914
667 821
667 855
671 944
671 674
672 850
672 948
672 918
675 802
675 746
675 758
675 854
675 891
675 828
677 777
678 979
678 837
679 719
679 794
680 873
680 816
680 755
680 761
680 794
681 965
681 907
681 977
681 889
682 978
682 859
683 900
684 800
684 724
686 866
686 903
686 849
686 728
687 878
688 937
689 992
689 772
689 773
689 846
690 761
690 794
690 797
691 961
691 845
692 862
693 994
693 960
693 980
693 857
693 989
693 990
694 736
694 721
694 830
697 730
698 915
699 706
702 923
702 990
703 832
703 965
703 826
704 707
709 912
709 814
711 970
711 721
711 830
712 995
712 785
712 914
712 923
713 739
715 944
716 878
719 816
719 755
719 761
719 794
719 797
721 736
721 970
721 830
722 885
723 812
725 931
727 737
728 903
728 968
728 880
728 951
731 896
731 843
732 974
735 932
736 830
738 995
738 923
739 909
740 809
740 778
741 960
741 968
741 880
741 917
741 951
741 760
741 857
743 994
745 770
746 828
746 936
746 854
746 796
747 983
748 867
748 939
748 977
748 823
748 924
750 904
750 860
755 816
755 860
758 936
758 854
758 796
759 996
760 880
760 849
760 917
760 951
761 866
761 873
761 794
763 851
764 820
766 834
767 839
769 833
769 919
770 786
772 773
772 850
773 846
773 850
774 997
777 829
779 807
780 995
780 914
780 855
781 869
782 867
782 939
782 821
784 815
785 995
787 952
788 913
788 991
790 862
791 818
791 956
792 801
792 858
793 819
796 802
796 856
796 828
797 860
799 850
799 948
799 918
799 890
799 861
801 822
802 936
802 854
802 828
803 876
805 895
807 914
809 921
810 916
813 818
813 935
816 866
821 867
823 965
823 907
823 939
823 976
823 977
823 889
823 924
823 831
824 874
824 981
826 933
828 854
830 961
831 965
832 933
833 919
835 899
836 852
837 966
838 883
839 930
840 853
845 919
848 876
849 866
849 903
849 917
850 948
850 861
852 906
854 891
855 914
856 895
857 960
857 880
857 989
859 986
861 918
863 954
865 940
865 910
866 903
866 873
866 951
872 894
873 903
880 960
880 968
880 951
888 950
889 965
889 907
890 918
894 982
897 958
905 971
907 965
907 939
910 926
918 948
924 965
924 939
947 963
951 968
960 990
965 976
965 977
976 977
980 994
980 990
989 990
990 994
