999 2675
0 187
0 239
1 4
1 261
1 37
1 708
1 394
1 44
1 535
1 603
1 188
1 253
1 382
1 927
2 417
2 282
3 656
3 358
4 642
4 995
4 292
4 708
4 535
4 760
4 253
4 188
4 765
5 730
5 291
6 344
6 354
7 890
7 991
8 803
8 840
8 108
8 588
8 77
8 500
8 375
8 762
8 668
8 605
8 895
9 582
9 614
10 563
10 405
11 320
11 391
12 376
12 219
13 901
13 798
14 40
14 610
15 138
15 243
16 203
16 462
17 678
17 910
18 960
18 34
18 134
18 904
18 429
18 846
18 174
18 143
18 686
18 335
18 147
18 885
18 982
18 886
18 917
19 996
19 998
19 422
19 296
19 841
19 428
19 861
19 625
19 978
19 374
19 727
19 185
19 381
19 926
20 769
20 418
20 738
20 932
20 102
20 393
20 107
20 971
20 877
20 862
20 533
20 246
20 475
20 222
21 130
21 708
21 261
21 394
21 943
21 176
21 84
21 25
21 188
21 382
21 927
22 844
22 559
23 122
23 172
24 168
24 905
24 938
24 139
24 236
24 526
24 368
24 241
24 433
24 913
24 180
24 573
25 160
25 261
25 41
25 943
25 688
25 371
25 535
25 58
25 188
25 927
26 600
26 487
27 546
27 819
28 929
28 905
28 913
28 274
28 372
28 476
28 958
29 945
29 63
30 392
30 451
31 352
31 642
31 995
31 292
31 773
31 760
31 115
31 564
31 984
31 411
31 765
32 688
32 176
32 215
33 945
33 892
34 134
34 520
34 429
34 686
34 143
34 464
34 846
34 917
34 886
34 571
34 829
35 123
35 991
36 162
36 740
36 521
36 685
36 880
36 753
36 402
36 822
36 315
37 708
37 292
37 535
37 760
37 345
37 155
37 188
37 253
37 927
37 863
38 88
38 131
39 132
39 751
40 314
41 160
41 69
41 261
41 936
41 746
41 943
41 688
41 84
41 117
41 535
41 188
41 382
41 927
42 660
42 839
43 299
43 830
44 352
44 130
44 995
44 708
44 642
44 155
44 115
44 535
44 760
44 603
44 188
44 253
44 927
45 321
45 918
46 676
46 484
46 292
46 459
46 619
46 270
46 722
46 757
46 345
46 411
46 636
46 157
46 95
47 632
47 430
48 914
48 597
49 488
49 964
50 195
50 232
50 939
50 108
50 588
50 887
50 272
50 534
50 279
50 762
50 668
50 349
50 895
51 243
51 294
52 996
52 841
52 531
52 374
52 121
52 926
53 850
53 179
54 937
54 494
55 587
55 925
56 344
56 584
57 869
57 970
57 685
57 173
57 369
57 978
57 883
57 93
57 855
57 315
57 828
57 381
58 936
58 939
58 909
58 943
58 84
58 117
58 215
58 952
58 250
59 569
59 415
60 195
60 803
60 108
60 77
60 534
60 279
60 762
60 668
60 349
60 895
61 936
61 777
61 939
61 909
61 688
61 849
61 176
61 272
61 534
61 952
61 250
61 605
61 734
62 988
62 844
63 286
64 554
64 627
65 425
65 850
66 539
66 710
67 656
67 386
68 88
68 426
69 160
69 130
69 936
69 746
69 909
69 176
69 688
69 84
69 117
69 382
70 899
70 517
71 608
71 490
72 364
72 893
73 90
73 565
74 209
74 358
75 256
75 832
75 965
75 262
75 520
75 233
75 237
75 464
75 82
75 725
75 859
75 252
75 829
75 639
76 408
76 271
77 195
77 803
77 840
77 212
77 500
77 375
77 762
77 700
77 895
78 224
78 663
79 593
79 739
80 101
80 525
81 845
81 167
82 256
82 965
82 262
82 520
82 907
82 238
82 725
82 949
82 731
82 252
83 338
83 774
84 160
84 130
84 261
84 746
84 777
84 909
84 943
84 176
84 688
84 371
84 117
84 382
85 572
85 679
86 869
86 422
86 970
86 874
86 173
86 753
86 978
86 883
86 788
86 381
86 855
86 828
86 93
87 549
87 390
89 961
89 102
89 107
89 907
89 877
89 533
89 246
89 862
89 799
90 735
91 120
91 398
92 496
92 289
93 257
93 675
93 869
93 422
93 296
93 970
93 173
93 685
93 883
93 788
93 315
93 828
94 608
94 191
95 676
95 773
95 872
95 104
95 458
95 812
95 973
95 972
95 598
95 411
95 636
95 157
96 185
96 996
96 998
96 296
96 841
96 428
96 625
96 727
96 121
96 926
97 347
97 566
98 259
98 965
98 134
98 987
98 520
98 237
98 686
98 143
98 725
98 886
98 917
98 571
98 252
98 829
99 627
99 647
100 795
100 854
101 654
102 961
102 418
102 738
102 932
102 393
102 107
102 971
102 877
102 113
102 533
102 246
102 154
102 222
103 702
104 960
104 323
104 484
104 872
104 458
104 972
104 973
104 812
104 335
104 703
104 147
104 598
104 411
104 636
104 157
105 106
105 899
106 556
107 769
107 738
107 548
107 932
107 877
107 657
107 533
107 475
107 246
107 986
107 953
107 222
107 862
108 668
108 803
108 195
108 840
108 762
109 704
109 163
110 837
110 327
111 492
111 485
112 544
112 214
113 769
113 738
113 418
113 932
113 961
113 393
113 907
113 949
113 154
113 860
113 799
114 293
114 159
115 352
115 642
115 995
115 292
115 459
115 784
115 564
115 984
115 760
115 345
115 155
115 863
116 351
116 479
117 160
117 130
117 261
117 936
117 777
117 746
117 909
117 688
117 371
117 382
117 927
118 585
118 196
119 705
119 234
120 299
121 675
121 996
121 422
121 296
121 978
121 381
121 531
121 374
121 185
121 861
122 126
123 661
124 404
124 260
125 728
125 633
126 923
127 276
127 470
128 169
128 919
129 331
129 555
130 160
130 708
130 261
130 746
130 394
130 943
130 603
130 188
130 253
130 382
130 927
131 609
132 550
133 208
133 350
134 520
134 650
134 237
134 174
134 464
134 725
134 917
134 571
134 987
134 829
135 618
135 742
136 235
136 583
137 281
137 419
138 309
139 168
139 456
139 332
139 236
139 526
139 815
139 241
139 177
139 915
139 947
139 181
139 180
139 538
139 186
139 573
140 626
140 301
141 908
141 853
142 267
142 789
143 259
143 987
143 265
143 650
143 268
143 686
143 464
143 147
143 917
143 982
143 571
144 468
144 383
145 900
145 975
146 457
146 492
147 960
147 904
147 265
147 972
147 812
147 846
147 335
147 982
147 598
148 477
148 367
149 944
149 460
150 426
150 558
151 576
151 807
152 629
152 245
153 683
153 711
154 832
154 961
154 418
154 393
154 233
154 949
154 826
154 859
154 860
154 862
154 639
155 995
155 292
155 394
155 345
155 603
155 765
155 253
155 927
156 436
156 612
157 323
157 676
157 773
157 230
157 458
157 619
157 812
157 972
157 270
157 703
157 722
157 757
157 411
157 636
158 651
158 454
159 553
160 261
160 394
160 188
160 253
160 927
161 898
161 989
162 257
162 740
162 557
162 621
162 685
162 402
162 595
162 822
162 697
162 315
163 182
164 769
164 418
164 738
164 262
164 907
164 949
164 860
164 862
165 966
165 808
165 362
165 879
165 370
165 756
165 472
165 409
165 670
165 543
166 376
166 985
167 837
168 389
168 332
168 241
168 433
168 954
168 476
168 573
169 787
170 674
170 963
170 227
170 631
170 491
170 716
170 941
170 818
170 723
170 310
170 791
170 570
171 235
171 567
172 190
173 257
173 869
173 422
173 970
173 874
173 620
173 621
173 685
173 978
173 217
173 315
173 828
174 259
174 520
174 238
174 464
174 917
174 886
174 571
174 731
175 761
175 778
176 936
176 777
176 746
176 943
176 371
176 952
176 250
177 905
177 522
177 332
177 236
177 938
177 368
177 690
177 947
177 180
177 181
177 915
177 538
178 890
178 309
179 933
180 332
180 368
180 433
180 947
180 241
180 181
180 186
181 929
181 389
181 326
181 905
181 938
181 522
181 241
181 538
181 954
182 447
183 931
183 933
184 392
184 763
185 996
185 902
185 998
185 296
185 841
185 523
185 428
185 435
185 374
185 727
185 444
185 381
185 926
186 966
186 456
186 808
186 522
186 938
186 781
186 332
186 752
186 368
186 915
186 607
187 838
188 261
188 746
188 394
188 535
188 253
188 382
189 821
189 198
190 565
191 347
192 412
192 774
193 761
193 431
194 704
194 775
195 762
195 803
195 840
195 588
195 887
195 279
195 698
195 668
195 349
195 638
196 502
197 210
197 951
198 556
199 714
199 975
200 672
200 305
201 329
201 604
202 452
202 421
203 313
204 577
204 586
205 842
205 802
206 289
206 211
207 724
207 766
208 273
209 478
210 601
211 997
212 803
212 516
212 319
212 519
212 840
212 748
212 524
212 500
212 375
212 602
212 667
212 700
212 349
212 895
213 474
213 868
214 290
215 232
215 250
215 909
215 849
215 279
215 734
216 897
216 924
217 257
217 740
217 874
217 685
217 369
217 402
217 753
217 822
217 855
217 697
217 828
218 856
218 997
219 545
220 706
220 395
221 395
221 910
222 769
222 738
222 548
222 971
222 877
222 657
222 246
222 317
222 862
223 290
223 717
224 502
225 244
225 613
226 288
226 707
227 674
227 834
227 359
227 743
227 491
227 716
227 941
227 791
227 912
227 465
227 467
227 631
227 316
228 864
228 779
229 736
229 387
230 484
230 773
230 676
230 458
230 619
230 972
230 812
230 757
230 598
230 411
230 636
230 703
231 587
231 951
232 762
232 250
232 939
232 588
232 887
232 272
232 849
232 916
232 952
232 698
232 668
232 605
233 832
233 256
233 859
233 262
233 860
233 843
233 238
233 725
233 826
233 731
233 252
233 799
234 287
236 905
236 938
236 522
236 690
236 433
237 256
237 965
237 520
237 650
237 686
237 725
237 917
237 252
238 256
238 520
238 650
238 843
238 464
238 826
238 859
238 252
238 829
238 731
238 639
239 719
240 898
240 413
241 929
241 389
241 326
241 905
241 938
241 332
241 368
241 433
241 538
241 573
242 611
242 835
244 622
245 379
246 961
246 738
246 769
246 932
246 877
246 533
246 986
246 862
247 635
247 591
248 473
248 302
249 864
249 580
250 605
250 936
250 777
250 272
250 371
250 952
250 279
250 734
251 810
251 470
252 520
252 650
252 917
252 731
253 642
253 995
253 352
253 292
253 394
253 760
253 603
253 765
254 528
254 935
255 772
255 677
255 527
255 465
255 851
255 756
255 409
255 921
256 965
256 520
256 650
256 907
256 725
256 826
256 859
256 860
256 639
257 874
257 441
257 620
257 653
257 685
257 369
257 855
257 315
258 408
258 321
259 520
259 268
259 686
259 725
259 886
260 633
261 708
261 943
261 603
261 382
262 961
262 965
262 639
262 860
262 799
263 989
263 935
264 410
264 901
265 960
265 812
265 429
265 686
265 846
265 973
265 987
266 507
266 643
267 641
268 960
268 872
268 812
268 686
268 335
268 885
268 982
268 886
268 598
268 987
269 882
269 967
270 484
270 773
270 619
270 459
270 722
270 564
270 757
270 345
270 411
270 636
270 703
271 305
272 936
272 939
272 849
272 534
272 952
272 698
272 668
272 605
273 806
274 514
274 389
274 326
274 455
274 557
274 402
274 979
274 372
274 822
274 922
274 891
274 476
275 383
275 495
276 629
277 363
277 717
278 976
278 782
279 588
279 849
279 916
279 534
279 698
279 668
279 605
279 895
280 414
280 494
281 431
282 660
283 715
283 654
284 312
284 311
285 512
285 732
285 772
285 677
285 670
285 527
285 912
285 851
285 501
285 472
285 956
285 510
286 410
287 641
288 957
291 768
292 642
292 995
292 459
292 619
292 564
292 757
292 984
292 345
292 765
292 863
293 536
294 806
295 306
295 549
296 869
296 422
296 841
296 970
296 625
296 978
296 374
296 381
297 509
297 366
298 339
298 644
300 432
300 471
301 871
302 386
303 634
303 503
304 684
304 623
306 325
307 560
307 928
308 482
308 579
310 834
310 963
310 516
310 519
310 716
310 941
310 791
310 530
310 630
310 631
310 990
310 575
311 378
312 377
313 702
314 906
315 874
315 620
315 653
315 621
315 685
315 753
315 595
316 963
316 516
316 519
316 903
316 716
316 791
316 530
316 723
316 630
316 631
316 667
316 990
317 932
317 523
317 971
317 435
317 852
317 444
318 955
318 836
319 516
319 903
319 519
319 530
319 500
319 375
319 602
319 575
320 977
322 469
322 759
323 773
323 904
323 458
323 972
323 973
323 335
323 598
323 411
323 703
324 672
324 632
325 547
326 929
326 905
326 913
326 979
326 433
326 954
326 891
326 573
326 922
327 397
328 545
328 659
329 334
330 884
330 407
331 612
332 905
332 938
332 526
332 947
332 538
332 913
332 573
333 931
334 578
335 872
335 458
335 904
335 972
335 429
335 812
335 885
335 982
335 886
335 571
336 528
336 764
337 449
337 962
338 876
339 658
340 848
340 925
341 513
341 701
342 400
342 728
343 800
343 955
345 352
345 995
345 619
345 757
345 760
345 863
346 776
346 445
348 529
348 485
349 700
349 803
349 748
349 500
349 895
350 742
351 569
352 765
352 760
352 535
352 984
352 863
353 404
353 749
354 406
355 797
355 726
356 552
356 759
357 539
357 750
359 512
359 674
359 834
359 741
359 581
359 743
359 465
359 467
359 921
359 570
359 510
360 770
360 827
361 377
361 911
362 930
362 808
362 409
362 879
362 752
362 915
362 537
362 732
362 607
363 385
364 942
365 968
365 645
366 468
367 413
368 424
368 526
368 947
368 537
369 675
369 869
369 422
369 874
369 620
369 685
369 753
369 978
369 788
369 855
370 930
370 966
370 456
370 424
370 808
370 781
370 879
370 815
370 472
370 732
370 670
370 543
371 777
371 939
371 909
371 943
371 688
371 952
372 929
372 389
372 905
372 557
372 913
372 979
372 954
372 891
372 958
373 865
373 682
374 998
374 422
374 841
374 625
374 531
374 788
374 727
374 861
375 416
375 803
375 524
375 667
375 700
375 638
375 895
378 747
379 554
380 740
380 455
380 557
380 979
380 595
380 822
380 922
380 891
380 958
381 675
381 996
381 422
381 970
381 625
381 883
381 788
381 861
382 708
382 394
382 909
382 688
382 927
384 480
384 388
385 714
387 894
388 590
389 929
389 905
389 979
389 913
389 891
389 476
389 573
390 715
391 412
393 832
393 961
393 932
393 826
393 859
393 860
393 862
393 799
394 642
394 995
394 708
394 535
394 760
394 603
394 927
396 770
396 836
397 786
398 649
399 609
399 962
400 691
401 814
401 655
402 740
402 455
402 521
402 620
402 621
402 557
402 653
402 880
402 595
402 441
403 592
403 540
405 831
406 967
407 578
409 930
409 772
409 966
409 808
409 670
409 543
409 607
409 879
409 501
409 472
409 732
409 510
411 636
411 676
411 459
411 784
411 722
411 564
411 703
414 816
415 974
416 803
416 516
416 903
416 524
416 748
416 530
416 500
416 630
416 602
416 700
416 638
416 575
417 745
418 738
418 907
418 826
418 862
418 799
419 490
420 833
420 652
421 809
422 675
422 869
422 861
422 625
422 788
422 883
422 531
423 934
423 646
424 966
424 781
424 526
424 879
424 752
424 947
424 607
425 568
427 969
427 798
428 996
428 998
428 625
428 435
428 531
428 727
428 953
428 444
428 926
429 846
429 885
429 982
429 598
429 886
429 571
430 604
432 542
433 929
433 979
433 538
433 476
434 626
434 747
435 548
435 523
435 657
435 852
435 981
435 727
435 444
435 926
436 438
437 992
437 561
438 758
439 532
439 854
440 682
440 443
441 740
441 521
441 557
441 653
441 621
441 880
441 595
441 697
442 592
442 694
443 463
444 902
444 841
444 523
444 971
444 657
444 852
444 533
444 981
444 953
445 707
446 709
446 613
447 504
448 871
448 687
449 825
450 802
450 813
451 477
452 709
453 944
453 786
454 805
455 514
455 476
455 521
455 557
455 880
455 979
455 822
455 922
455 891
456 938
456 526
456 815
456 752
456 690
456 947
456 915
456 537
456 607
457 513
458 960
458 904
458 872
458 812
458 972
458 722
458 885
458 703
459 642
459 995
459 773
459 784
459 564
459 757
459 984
459 636
460 572
461 600
461 547
462 833
463 645
464 965
464 520
464 650
464 686
464 725
464 917
464 571
465 512
465 677
465 741
465 527
465 912
465 467
465 851
465 501
465 921
465 510
466 515
466 950
467 963
467 741
467 677
467 581
467 941
467 498
467 570
467 990
469 959
471 647
472 512
472 930
472 956
472 607
472 732
472 510
472 543
473 881
474 497
475 738
475 657
475 533
475 953
476 954
476 514
476 905
476 557
476 913
476 979
476 922
476 891
476 958
478 940
479 611
480 724
481 857
481 721
482 810
483 666
483 876
484 676
484 872
484 619
484 812
484 972
484 784
484 757
486 640
486 593
487 817
488 878
489 754
489 718
491 674
491 519
491 631
491 903
491 941
491 818
491 791
491 990
491 575
493 689
493 551
495 718
496 820
497 652
498 674
498 963
498 716
498 941
498 921
498 570
499 624
499 911
500 519
500 748
500 575
500 895
500 667
500 700
501 512
501 930
501 772
501 677
501 527
501 912
501 756
501 921
501 732
501 670
503 754
504 713
505 928
505 683
506 540
506 766
507 559
508 576
508 867
509 857
510 732
510 772
510 912
510 851
510 756
510 956
510 670
510 543
511 692
511 974
512 677
512 581
512 743
512 756
512 921
512 670
512 543
514 929
514 740
514 557
514 822
514 954
514 891
514 958
515 867
516 963
516 519
516 631
516 748
516 791
516 667
517 950
518 906
518 590
519 748
519 524
519 575
519 723
519 791
519 630
519 602
520 965
520 650
520 843
520 987
520 829
521 740
521 880
521 697
521 922
521 958
522 815
522 690
522 947
522 573
523 996
523 902
523 998
523 971
523 981
523 727
523 953
524 803
524 840
524 748
524 530
524 630
524 887
524 700
524 638
524 895
525 624
526 781
526 815
526 752
526 690
526 947
527 732
527 677
527 851
527 921
527 956
527 670
527 543
529 574
530 963
530 575
530 791
530 748
530 723
530 630
530 602
530 667
531 675
531 996
531 841
531 625
532 616
533 738
533 548
533 953
533 971
533 852
533 981
534 605
534 939
534 588
534 849
534 952
534 698
534 668
535 708
535 603
535 927
536 825
537 930
537 772
537 808
537 879
537 752
537 607
538 929
538 954
541 792
541 695
542 866
543 930
543 732
543 677
543 879
543 756
543 921
543 956
544 695
546 824
548 738
548 932
548 971
548 877
548 657
548 852
548 981
548 727
548 953
550 606
551 940
552 830
553 720
555 584
557 740
557 891
557 880
557 697
557 979
557 922
558 942
560 579
561 783
562 896
562 946
563 964
564 784
564 722
564 863
564 760
564 636
564 765
566 673
567 881
568 780
570 674
570 834
570 581
570 716
570 941
570 990
571 846
571 917
571 886
571 982
573 905
573 913
573 954
574 959
575 963
575 748
575 791
575 818
575 630
575 602
575 667
577 796
580 831
581 674
581 834
581 677
581 941
581 851
581 921
581 956
582 680
583 983
585 814
586 706
588 803
588 840
588 939
588 887
588 916
588 762
588 605
589 893
589 599
591 888
594 858
594 693
595 740
595 828
595 874
595 620
595 621
595 753
595 697
595 822
596 696
596 751
597 787
598 960
598 904
598 872
598 972
598 973
598 885
598 703
599 992
601 842
602 903
602 818
602 723
602 630
602 700
603 642
603 708
603 995
603 760
603 927
605 762
605 939
605 887
605 916
605 668
606 801
607 772
607 879
607 752
607 815
607 732
610 983
614 807
615 838
615 823
616 969
617 739
617 719
618 726
619 773
619 784
619 722
619 757
619 984
619 636
619 765
620 621
620 653
620 753
620 822
620 855
620 697
620 828
621 740
621 874
621 685
621 880
621 753
621 828
622 780
623 778
625 869
625 978
625 883
625 926
628 730
628 868
630 903
630 748
630 723
630 818
630 667
631 834
631 741
631 903
631 716
631 818
631 723
631 791
634 771
635 696
636 676
636 972
636 784
636 722
636 757
636 984
636 703
637 699
637 775
638 748
638 887
638 762
638 700
638 895
639 832
639 965
639 826
639 859
639 860
639 829
639 799
640 875
642 995
642 765
642 984
642 863
643 793
644 820
646 767
648 968
648 948
649 948
650 965
650 987
650 725
650 917
650 731
651 897
653 740
653 880
653 822
653 697
653 958
655 749
657 738
657 998
657 852
657 727
657 953
658 671
659 661
662 873
662 924
663 669
664 721
664 691
665 914
665 693
666 816
667 700
667 748
668 840
668 939
668 887
668 849
668 916
668 895
669 768
670 772
670 956
670 879
670 851
670 732
671 792
673 845
674 963
674 741
674 743
674 941
674 912
674 791
674 990
675 861
675 978
675 883
675 788
675 855
676 773
676 972
676 973
676 703
677 956
678 946
679 713
680 779
681 888
681 776
684 755
685 869
685 970
685 874
686 846
686 885
686 886
686 982
686 987
687 878
688 777
688 909
688 734
689 853
690 938
690 781
690 815
690 947
690 915
692 889
694 819
697 874
697 880
697 822
697 828
698 849
698 762
698 734
699 994
700 840
700 887
700 762
701 710
703 960
703 904
703 872
703 972
703 973
703 722
705 918
708 995
708 746
708 927
711 750
712 827
712 804
716 834
716 963
716 741
716 743
716 818
716 723
716 990
720 764
722 972
722 757
725 965
725 917
725 731
727 902
727 841
727 926
729 848
729 758
731 965
731 843
731 826
731 859
731 829
732 808
732 879
732 756
733 737
733 873
734 936
734 777
734 909
734 849
734 916
734 952
735 794
736 821
737 865
738 769
738 932
738 971
738 877
738 986
738 862
740 979
740 822
740 922
741 834
741 851
741 921
741 956
743 956
743 990
744 785
744 795
745 993
746 909
746 943
748 803
748 840
752 930
752 966
752 808
752 815
752 879
752 947
753 869
753 874
753 970
753 883
755 804
756 772
756 879
757 773
760 765
760 863
760 984
762 803
762 849
762 887
763 937
767 920
769 961
769 932
769 877
769 862
769 986
769 799
771 811
772 930
772 966
772 808
772 879
773 863
777 939
777 909
777 943
777 849
777 952
781 930
781 808
781 815
781 879
781 915
782 813
783 790
784 984
784 863
785 980
788 970
788 883
789 994
790 811
791 834
791 963
791 903
791 941
791 990
793 870
794 889
796 908
797 892
799 949
799 826
799 859
799 862
800 809
801 884
803 887
805 839
808 930
808 966
808 815
808 947
812 972
812 885
815 966
815 938
815 879
815 947
815 915
817 980
818 963
822 880
822 958
823 957
824 875
826 832
826 961
826 907
826 949
826 860
828 869
828 874
829 843
832 961
832 843
832 907
832 859
834 963
834 941
834 990
835 976
840 887
841 996
841 902
841 998
841 852
841 861
843 907
843 859
846 904
846 973
846 885
846 982
846 917
847 856
847 988
849 939
849 952
851 921
851 956
852 998
852 902
852 971
852 877
852 981
852 986
855 869
855 970
855 883
858 900
859 961
859 907
859 860
860 961
860 965
860 949
861 996
861 970
861 978
861 883
863 995
863 984
866 870
869 874
869 970
872 960
872 972
872 973
872 885
872 982
877 971
877 981
879 930
879 966
882 985
883 970
883 978
885 960
885 904
885 982
886 917
886 982
886 987
891 929
891 979
891 958
894 993
896 977
902 996
902 926
903 963
904 972
904 973
904 982
905 929
905 913
907 961
907 949
909 936
909 952
912 956
913 929
913 979
913 954
916 939
919 934
920 923
921 956
926 996
926 998
926 981
929 954
929 979
930 966
932 971
932 986
936 952
938 947
939 952
941 963
943 952
947 966
949 961
953 971
953 981
954 979
954 958
958 979
960 972
960 982
963 990
971 981
981 986
982 987
996 998
