999 2618
0 281
0 693
1 56
1 330
2 922
2 915
3 568
3 389
4 33
4 964
4 581
4 678
4 423
4 488
4 297
4 817
4 753
4 823
4 444
5 656
5 822
6 507
6 12
7 32
7 386
7 548
7 517
7 614
7 202
7 269
7 110
7 241
7 338
7 981
7 600
7 317
7 735
8 242
8 301
9 292
9 663
10 907
10 742
11 866
11 835
11 998
11 647
11 136
11 870
11 593
11 561
11 533
11 630
11 924
12 809
13 640
13 481
13 930
13 67
13 480
13 133
13 485
13 196
13 937
13 265
13 620
13 557
13 239
13 594
13 564
13 378
13 734
14 246
14 719
15 65
15 163
15 776
15 650
15 237
15 687
15 948
15 535
15 888
15 154
15 605
15 31
16 627
16 315
17 865
17 199
18 676
18 885
19 253
19 622
20 352
20 68
20 420
20 969
20 425
20 779
20 300
20 619
20 971
20 787
21 643
21 615
21 791
21 623
21 305
21 467
21 372
21 501
21 692
21 723
21 22
21 755
21 854
21 181
21 62
22 997
22 361
22 623
22 305
22 723
22 692
22 340
22 854
22 695
22 501
22 467
22 799
23 702
23 375
24 878
24 183
25 777
25 847
26 808
26 117
27 512
27 320
27 227
27 134
27 778
27 107
27 752
27 850
27 307
27 825
27 892
27 189
28 995
28 333
29 417
29 970
29 334
29 598
29 286
30 180
30 150
31 609
31 65
31 163
31 484
31 776
31 843
31 396
31 942
31 687
31 275
31 308
31 886
31 731
31 798
32 928
32 548
32 517
32 298
32 202
32 909
32 78
32 625
32 953
32 285
32 317
32 159
33 637
33 678
33 295
33 232
33 775
33 522
33 293
33 823
33 602
33 349
34 195
34 230
34 936
34 906
34 588
34 173
34 879
34 657
34 81
34 87
34 634
34 123
34 348
34 542
35 293
35 69
35 295
35 232
35 250
35 556
35 50
35 243
35 602
35 726
35 440
35 986
35 860
35 349
35 606
36 641
36 446
36 264
36 137
36 820
36 437
36 404
36 506
36 222
37 523
37 903
38 690
38 974
39 248
39 761
40 390
40 479
41 100
41 701
42 536
42 303
43 65
43 609
43 484
43 535
43 776
43 843
43 942
43 399
43 687
43 275
43 886
43 759
43 795
43 798
44 818
44 804
45 386
45 420
45 68
45 425
45 969
45 619
45 46
45 338
45 981
45 629
45 600
45 121
45 735
46 386
46 517
46 425
46 619
46 300
46 241
46 338
46 787
46 629
46 981
46 600
47 129
47 882
48 186
48 314
49 632
49 83
50 293
50 934
50 133
50 122
50 937
50 250
50 203
50 243
50 726
50 440
50 378
50 860
50 606
51 409
51 708
52 433
52 946
53 771
53 108
54 905
54 626
55 902
55 63
56 129
57 224
57 221
58 252
58 839
59 645
59 462
60 589
60 621
61 322
61 866
61 647
61 136
61 593
61 723
61 340
61 695
61 830
62 997
62 361
62 791
62 623
62 305
62 467
62 755
62 854
62 695
62 799
63 681
64 291
64 68
64 420
64 648
64 969
64 106
64 913
64 819
64 851
64 216
64 127
64 671
65 163
65 776
65 650
65 155
65 399
65 687
65 275
65 948
65 308
65 759
65 888
65 795
65 605
65 798
66 476
66 733
67 640
67 480
67 485
67 133
67 618
67 620
67 557
67 857
67 378
68 291
68 420
68 425
68 938
68 619
68 300
68 969
68 495
68 971
68 787
68 121
68 90
68 127
69 293
69 934
69 295
69 678
69 524
69 753
69 531
69 440
69 122
69 349
70 897
70 494
71 950
71 718
72 769
72 902
73 912
73 722
74 672
74 957
75 586
75 299
76 83
76 454
77 442
77 837
78 928
78 548
78 269
78 110
78 909
78 241
78 338
78 625
78 735
78 600
78 285
78 159
79 184
79 247
80 907
80 911
81 961
81 229
81 230
81 936
81 104
81 714
81 461
81 879
81 691
81 542
82 212
82 877
84 504
84 443
85 577
85 543
86 416
86 516
87 353
87 354
87 132
87 588
87 657
87 530
87 786
87 917
87 475
87 728
87 123
87 348
88 923
88 527
89 777
89 147
90 291
90 420
90 969
90 938
90 971
90 300
90 495
90 273
90 913
90 851
91 768
91 967
92 283
92 356
93 610
93 965
94 800
94 101
95 680
95 439
96 545
96 213
97 410
97 666
98 834
98 470
99 641
99 807
99 137
99 875
99 590
99 820
99 404
99 506
99 797
99 222
100 225
101 384
102 705
102 109
103 505
103 325
104 929
104 669
104 936
104 329
104 906
104 714
104 173
104 335
104 691
104 244
104 665
104 445
104 191
105 385
105 998
105 649
105 945
105 914
105 697
105 916
105 277
105 918
105 471
105 441
105 732
106 167
106 648
106 712
106 970
106 715
106 334
106 671
106 273
106 913
106 851
106 959
107 512
107 320
107 227
107 134
107 892
107 778
107 752
107 850
107 307
107 372
107 181
107 825
107 700
107 669
108 199
109 662
110 928
110 706
110 548
110 241
110 338
110 625
110 600
110 317
110 159
111 801
111 326
112 738
112 893
113 565
113 165
114 464
114 337
115 288
115 209
116 682
116 626
117 880
118 569
118 161
119 725
119 646
120 331
120 660
121 352
121 425
121 938
121 619
121 300
121 969
121 338
121 787
121 629
121 600
121 735
122 293
122 934
122 775
122 295
122 232
122 678
122 556
122 492
122 524
122 531
122 440
122 602
123 448
123 961
123 230
123 588
123 879
123 187
123 348
123 542
124 707
124 268
125 547
125 949
126 130
126 438
127 352
127 582
127 874
127 493
127 495
127 913
127 851
127 216
127 730
127 671
128 682
128 258
130 568
131 280
131 849
132 353
132 297
132 429
132 817
132 530
132 917
132 187
132 348
133 937
133 618
133 620
133 492
133 557
133 378
133 986
133 606
134 512
134 191
134 227
134 778
134 335
134 307
134 244
134 694
134 825
134 700
134 669
134 831
135 621
135 149
136 477
136 642
136 835
136 870
136 695
136 361
136 623
136 593
136 340
136 630
136 791
136 603
136 830
137 455
137 264
137 745
137 807
137 139
137 396
137 943
137 688
137 437
137 506
137 731
137 222
137 446
138 979
138 452
139 641
139 455
139 264
139 875
139 590
139 431
139 820
139 374
139 506
139 797
139 446
140 792
140 796
141 321
141 706
141 298
141 269
141 909
141 368
141 659
141 532
141 697
141 347
141 572
142 520
142 746
143 176
143 871
144 565
144 319
145 668
145 470
146 656
146 852
147 460
148 616
148 891
149 933
150 975
151 962
151 343
152 576
152 432
153 418
153 284
154 487
154 553
154 650
154 237
154 399
154 881
154 948
154 406
154 535
154 888
155 163
155 487
155 553
155 399
155 881
155 562
155 406
155 888
155 795
156 720
156 346
157 683
157 806
158 162
158 900
159 321
159 859
159 614
159 202
159 298
159 269
159 368
159 625
159 532
159 347
160 722
160 323
161 263
162 901
163 795
163 776
163 275
163 308
163 948
163 535
164 483
164 955
165 366
166 550
166 583
167 582
167 968
167 585
167 970
167 876
167 715
167 334
167 554
167 598
167 216
167 730
167 987
167 286
167 671
168 434
168 319
169 171
169 573
170 770
170 206
171 960
172 989
172 935
173 448
173 929
173 961
173 230
173 879
173 691
173 665
173 223
174 457
174 267
175 515
176 910
177 235
177 443
178 788
178 407
179 846
179 639
180 316
181 320
181 257
181 994
181 643
181 327
181 305
181 307
181 692
181 372
181 825
182 836
182 580
183 384
184 332
185 624
185 370
186 281
187 961
187 195
187 230
187 588
187 782
187 657
188 939
188 727
189 320
189 257
189 994
189 643
189 892
189 778
189 270
189 305
189 307
189 825
189 700
189 831
190 266
190 301
191 929
191 772
191 335
191 850
191 947
191 341
191 700
191 445
192 312
192 884
193 197
193 462
194 248
194 573
195 461
195 786
195 634
195 223
196 480
196 930
196 487
196 265
196 562
196 594
196 564
196 406
197 693
198 309
198 583
200 896
200 574
201 701
201 742
202 928
202 321
202 517
202 614
202 298
202 269
202 368
202 953
203 934
203 250
203 524
203 557
203 492
203 243
203 602
203 440
203 986
203 349
203 606
204 354
204 419
204 581
204 775
204 488
204 297
204 522
204 429
204 753
204 444
205 459
205 740
206 595
207 456
207 450
208 689
208 379
209 219
210 704
210 974
211 560
211 711
212 744
213 302
214 977
214 570
215 284
215 774
216 291
216 582
216 648
216 554
216 970
216 493
216 334
216 273
216 913
216 730
217 785
217 639
218 704
218 421
219 401
220 424
220 287
221 793
222 641
222 519
222 590
222 943
222 431
222 688
222 820
222 853
222 952
222 506
222 797
222 446
223 448
223 803
223 772
223 230
223 906
223 461
224 764
225 865
226 360
226 949
227 929
227 700
227 335
227 752
227 307
227 244
227 665
227 892
227 669
227 445
228 466
228 738
229 448
229 929
229 772
229 936
229 906
229 714
229 461
229 691
229 341
229 694
229 665
230 961
230 803
230 936
230 588
230 461
230 657
230 786
230 542
231 613
231 670
232 860
232 678
232 775
232 556
232 753
232 823
232 250
232 444
233 521
233 622
234 418
234 422
235 503
236 538
236 926
237 481
237 487
237 553
237 399
237 881
237 562
237 687
237 856
238 476
238 463
239 640
239 481
239 930
239 480
239 487
239 265
239 553
239 654
239 562
239 406
239 856
239 857
240 498
240 543
241 928
241 386
241 779
241 909
241 981
241 735
242 661
243 485
243 934
243 937
243 618
243 492
243 524
243 378
243 726
243 440
243 986
243 860
243 606
244 512
244 929
244 892
244 714
244 329
244 335
244 850
244 947
244 694
244 665
244 700
244 445
245 280
245 815
246 679
247 525
249 832
249 272
250 293
250 524
250 492
250 531
250 726
250 602
250 860
250 349
251 601
251 663
252 260
253 944
254 708
254 751
255 465
255 525
256 500
256 390
257 643
257 997
257 327
257 723
257 854
257 799
258 976
259 579
259 551
261 664
261 749
262 973
262 342
263 299
264 641
264 455
264 395
264 590
264 688
264 374
264 952
265 480
265 485
265 487
265 553
265 562
265 594
265 564
265 734
266 627
267 576
268 383
269 385
269 706
269 298
269 909
269 368
269 347
269 471
269 953
269 859
270 320
270 512
270 700
270 997
270 615
270 327
270 752
270 305
270 850
270 307
270 372
270 825
270 892
270 831
271 369
271 867
272 415
273 352
273 582
273 554
273 913
273 819
273 851
274 289
274 839
275 484
275 899
275 807
275 843
275 396
275 404
275 308
275 731
275 605
275 798
276 608
276 845
277 737
277 998
277 649
277 924
277 945
277 914
277 532
277 916
277 310
277 441
277 635
277 572
278 896
278 956
279 552
279 771
282 794
282 555
283 490
285 517
285 614
285 619
285 779
285 338
285 735
286 546
286 582
286 359
286 585
286 554
286 715
286 970
286 876
286 334
286 712
286 344
286 698
286 987
286 959
287 405
288 684
289 858
290 644
290 927
291 352
291 582
291 648
291 971
292 366
293 295
293 678
293 934
293 556
293 602
293 860
294 490
294 363
295 444
295 488
295 522
295 556
295 753
295 531
295 860
295 349
296 345
296 387
297 419
297 964
297 423
297 488
297 841
297 838
297 530
297 917
297 728
298 928
298 706
298 548
298 614
298 909
298 625
300 352
300 874
300 938
300 819
302 957
303 541
304 458
304 591
305 643
305 327
305 467
305 372
305 692
305 799
306 883
306 903
307 512
307 320
307 997
307 615
307 327
307 372
307 700
307 831
308 609
308 484
308 776
308 942
308 399
308 886
308 605
309 982
310 322
310 835
310 870
310 649
310 593
310 918
310 630
310 533
310 603
310 732
310 447
311 984
311 369
312 889
313 616
313 388
314 638
315 407
316 973
317 928
317 386
317 548
317 614
317 909
317 981
317 600
318 509
318 958
320 327
320 615
320 752
320 825
321 385
321 706
321 625
321 914
321 471
321 697
321 859
322 866
322 835
322 647
322 593
322 561
322 340
322 533
322 447
323 784
324 840
324 505
325 716
326 544
327 994
327 997
327 615
327 778
327 372
327 825
327 831
328 337
328 540
329 448
329 936
329 714
329 691
329 341
329 694
330 946
331 367
332 705
333 383
334 648
334 585
334 554
334 970
334 913
334 730
334 987
334 959
335 512
335 752
335 341
335 445
335 669
336 867
336 438
338 928
338 614
338 425
338 619
338 779
338 629
338 981
338 600
338 735
339 729
339 805
340 477
340 647
340 791
340 887
340 623
340 723
340 755
340 695
340 630
340 603
340 830
341 772
341 936
341 906
341 461
341 694
342 904
343 789
344 587
344 876
344 987
344 959
345 473
346 388
347 385
347 706
347 548
347 625
347 914
347 532
347 953
347 859
348 353
348 588
348 782
348 530
348 917
348 728
348 634
348 542
349 678
349 775
349 522
349 524
349 531
349 602
349 444
350 601
350 757
351 811
351 685
352 420
352 425
352 938
352 971
352 493
352 969
352 913
352 819
352 787
353 354
353 803
353 841
353 426
353 588
353 782
353 530
353 786
353 917
353 728
353 634
354 419
354 964
354 581
354 838
354 841
354 426
354 782
354 817
354 917
354 634
355 699
355 365
356 408
357 496
357 469
358 577
358 972
359 641
359 417
359 546
359 875
359 876
359 587
359 853
359 598
359 952
359 698
359 446
360 781
361 642
361 647
361 791
361 623
361 830
361 501
361 887
361 854
361 477
361 799
362 686
362 966
363 558
364 739
364 901
365 479
367 397
368 385
368 625
368 914
368 532
368 471
368 697
368 953
370 720
371 993
371 891
372 994
372 643
372 615
372 467
372 825
372 831
373 675
373 589
374 455
374 590
374 943
374 688
374 446
375 400
376 652
376 972
377 713
377 814
378 640
378 930
378 937
378 492
378 726
378 986
378 606
379 900
380 658
380 855
381 508
381 717
382 836
382 829
385 859
385 945
385 625
385 697
385 532
385 659
385 471
385 953
385 635
385 572
386 425
386 619
386 787
387 963
389 978
391 611
391 975
392 756
392 414
393 773
393 846
394 504
394 790
395 417
395 546
395 641
395 968
395 875
395 431
395 598
395 599
395 952
396 736
396 899
396 484
396 843
396 590
396 943
396 404
396 437
396 798
397 510
398 984
398 827
399 654
399 406
399 535
399 795
400 696
401 873
402 450
402 766
403 465
403 652
404 736
404 899
404 807
404 590
404 942
404 437
405 638
406 481
406 553
406 948
406 888
408 810
409 584
410 931
411 920
411 604
412 413
412 767
413 551
414 757
415 529
416 610
417 712
417 968
417 875
417 876
417 587
417 598
417 599
417 698
417 959
419 581
419 838
419 423
419 522
419 429
419 817
419 530
419 823
419 728
419 637
420 425
420 938
420 619
420 969
420 874
420 495
420 787
421 855
422 824
423 581
423 488
423 522
423 817
423 753
423 823
423 475
423 444
424 555
425 938
425 619
425 779
425 787
425 819
425 735
426 964
426 581
426 488
426 841
426 429
426 782
426 530
426 728
426 475
427 872
427 703
428 885
428 430
429 964
429 838
429 488
429 841
429 522
429 817
429 530
429 917
429 637
430 765
431 641
431 546
431 446
431 968
431 587
431 688
431 853
431 598
431 797
432 966
433 828
434 725
435 816
435 608
436 816
436 995
437 609
437 807
437 745
437 590
437 943
437 942
437 820
437 886
439 833
440 524
440 557
440 726
440 602
440 606
441 737
441 732
441 649
441 945
441 561
441 532
441 533
441 697
441 635
441 572
442 478
444 581
444 637
444 775
444 522
444 838
444 556
444 753
445 448
445 929
445 714
445 947
445 665
445 669
446 875
446 587
446 943
446 688
446 853
446 952
446 506
446 797
447 737
447 866
447 649
447 593
447 561
447 916
447 533
447 918
448 714
448 879
448 665
449 908
449 709
451 674
451 596
452 863
453 667
453 574
454 459
455 807
455 590
455 943
455 688
455 820
455 506
455 731
456 762
457 826
458 482
460 873
461 803
461 906
461 879
461 786
461 691
461 542
463 758
464 491
466 552
467 994
467 643
467 615
467 778
467 755
467 692
467 501
467 825
467 799
468 770
468 559
469 617
471 635
471 945
471 914
471 659
471 697
471 532
471 953
471 859
471 572
472 592
472 513
473 811
474 760
474 861
475 581
475 838
475 841
475 782
475 817
475 657
475 917
477 642
477 870
477 647
477 695
477 623
477 755
477 630
477 887
477 830
477 799
478 990
480 640
480 930
480 485
480 620
480 562
480 734
481 930
481 487
481 650
481 654
481 564
481 856
482 489
483 941
484 736
484 609
484 807
484 886
484 798
485 640
485 930
485 937
485 492
485 557
485 986
485 606
486 653
486 919
487 553
487 650
487 654
487 881
487 564
487 535
487 888
487 734
488 964
488 838
488 775
488 678
488 823
489 497
491 758
492 934
492 937
492 524
492 726
492 986
492 860
492 606
493 971
493 671
493 913
493 819
493 730
494 923
495 648
495 938
495 874
495 913
495 851
496 951
497 683
498 560
499 584
499 849
500 983
501 994
501 643
501 791
501 755
501 854
501 695
501 799
502 569
502 631
503 661
506 641
506 519
506 745
506 875
506 590
506 688
506 820
506 952
506 797
507 521
508 765
509 992
510 674
511 566
511 871
512 714
512 850
512 694
512 665
512 892
512 669
512 831
513 749
514 784
514 527
515 763
516 575
517 928
517 614
517 629
517 981
517 735
518 628
518 710
519 641
519 968
519 587
519 688
519 853
519 599
519 952
520 686
522 581
522 838
522 531
522 823
522 637
523 662
524 986
524 934
524 556
524 726
524 602
524 860
526 813
526 991
528 604
528 741
529 592
530 841
530 782
530 657
530 786
530 917
530 634
531 678
531 602
531 823
531 637
532 706
532 859
532 916
532 953
532 635
532 572
533 737
533 866
533 870
533 593
533 916
533 918
533 630
533 732
534 651
534 607
535 776
535 650
535 654
535 881
535 759
535 888
535 605
536 658
537 802
537 549
538 848
539 828
539 751
540 925
541 762
542 961
542 803
542 906
542 588
542 879
542 786
544 822
545 571
546 641
546 968
546 876
546 587
546 853
546 598
546 698
546 987
547 677
548 706
548 614
548 625
548 981
548 953
549 905
550 915
553 930
553 654
553 562
553 564
553 856
553 857
554 582
554 648
554 585
554 970
554 876
554 730
554 959
556 823
556 602
557 640
557 937
557 618
557 620
557 594
557 726
558 863
559 710
561 866
561 870
561 998
561 647
561 649
561 924
561 918
561 603
561 732
562 654
562 881
562 564
562 888
562 857
562 734
563 632
563 617
564 930
564 594
564 856
566 898
567 832
567 993
570 941
571 990
572 859
572 914
572 697
572 916
572 918
572 635
575 821
578 826
578 684
579 766
580 978
581 964
581 838
581 728
581 637
582 712
582 648
582 851
582 730
582 987
582 959
585 712
585 648
585 715
585 876
585 913
585 851
585 730
585 987
585 959
586 996
587 968
587 876
587 853
587 598
587 599
587 698
588 961
588 803
588 782
588 879
588 786
588 634
590 745
590 943
591 868
593 835
593 866
593 998
593 647
593 603
594 640
594 606
595 633
596 666
597 707
597 724
598 968
598 712
598 853
598 599
598 952
598 698
598 987
598 959
599 641
599 968
599 876
599 875
599 853
599 952
599 698
600 928
600 981
600 629
600 735
602 678
602 860
603 642
603 835
603 647
603 630
603 695
603 830
605 609
605 776
605 843
605 687
605 948
605 795
606 986
606 934
606 937
606 618
606 620
607 812
609 736
609 807
609 776
609 745
609 843
609 942
609 886
609 731
611 967
612 780
612 741
613 842
614 625
614 981
614 953
615 994
615 643
615 778
615 692
615 799
615 825
615 831
618 930
618 620
619 779
619 787
619 981
620 930
620 857
623 994
623 642
623 647
623 723
623 854
623 887
623 755
624 988
625 706
625 909
625 859
628 861
629 938
629 787
629 981
629 735
630 642
630 866
630 835
630 870
630 647
630 830
631 962
633 813
634 841
634 657
634 786
635 649
635 924
635 945
635 914
635 659
635 918
635 697
635 859
636 756
636 645
637 964
637 838
637 823
640 930
640 726
640 857
641 875
641 853
641 952
641 797
642 870
642 887
642 755
642 854
643 994
643 778
643 755
643 692
643 854
644 910
646 783
647 866
647 835
647 695
648 851
648 730
649 737
649 835
649 998
649 945
649 659
649 916
649 918
649 697
649 924
650 654
650 687
651 980
653 764
654 881
654 856
654 948
654 888
655 893
655 925
657 782
657 786
657 917
657 728
659 945
659 859
660 702
664 844
665 947
665 669
667 761
668 746
669 892
669 850
669 947
669 700
670 933
671 712
671 970
671 715
671 913
671 851
671 730
672 743
673 740
673 685
675 965
676 940
677 815
678 753
678 823
679 862
680 921
681 768
687 843
687 888
687 795
688 875
688 943
688 853
688 952
689 985
690 950
691 961
691 906
691 936
692 994
692 695
692 791
692 723
692 799
694 772
694 752
694 850
694 947
695 887
695 755
695 723
695 799
696 862
697 737
697 998
697 945
697 916
697 732
698 968
698 712
698 715
698 987
698 959
699 733
700 850
700 947
700 892
703 980
706 909
706 914
706 953
706 859
709 834
711 721
712 968
712 970
712 987
712 959
713 983
714 772
715 968
715 970
715 876
715 987
715 959
716 743
717 818
718 889
719 895
721 877
723 994
723 799
724 801
726 934
726 986
727 729
728 841
728 782
728 817
728 917
730 851
731 807
731 745
731 942
731 943
731 820
732 737
732 835
732 998
732 918
732 924
734 930
734 856
735 928
735 938
735 779
736 899
736 745
736 843
736 820
737 998
737 916
737 924
739 794
744 963
745 899
745 807
745 943
747 976
747 781
748 939
748 919
750 802
750 763
752 778
752 850
752 947
752 825
752 831
753 964
753 838
753 823
754 890
754 805
755 854
755 799
759 888
760 979
767 982
769 774
772 936
772 906
773 922
775 838
775 823
776 948
776 888
776 798
778 997
778 825
778 831
779 928
779 969
779 787
779 981
780 955
782 841
782 786
782 817
782 917
783 809
785 814
786 803
786 841
786 879
786 917
787 819
788 911
789 868
790 944
791 887
792 793
795 843
795 948
795 888
796 956
797 875
797 952
798 899
798 843
799 854
800 864
803 961
803 936
803 879
804 894
806 932
807 899
807 843
807 942
807 820
808 878
810 824
812 977
817 964
817 841
817 917
819 938
819 969
819 971
820 899
820 942
820 943
821 958
823 964
825 892
827 912
829 894
830 924
831 850
831 892
833 869
835 924
835 918
837 991
840 985
842 935
843 942
844 848
845 940
847 926
850 947
852 954
853 875
853 952
854 994
854 887
856 881
856 888
856 857
857 930
857 937
858 890
859 953
860 986
860 934
864 954
866 998
866 870
866 887
866 918
866 924
869 951
870 887
872 895
874 971
874 913
875 952
876 968
876 970
876 987
879 936
880 883
881 948
881 888
882 897
884 908
886 942
898 904
899 942
906 929
906 936
909 928
913 971
914 945
914 916
914 953
916 998
916 945
916 918
916 924
918 998
920 932
921 996
927 988
928 981
929 947
931 992
959 968
959 970
960 989
968 987
969 971
970 987
994 997
