999 2674
0 772
0 543
1 184
1 698
2 385
2 262
3 160
3 834
3 483
3 994
3 263
3 13
3 624
3 563
3 981
3 475
3 118
3 216
3 891
3 61
3 413
4 809
4 554
5 809
5 926
6 369
6 30
7 484
7 837
7 520
7 298
7 586
7 560
7 721
7 182
7 886
7 91
7 860
7 253
7 286
7 319
8 914
8 493
9 256
9 864
9 162
9 802
9 866
9 99
9 454
9 390
9 585
9 139
9 173
9 465
9 371
9 373
10 210
10 115
10 310
10 694
10 87
10 574
11 768
11 214
12 545
12 566
13 994
13 483
13 582
13 263
13 399
13 563
13 915
13 981
13 118
13 216
13 475
13 413
13 223
14 708
14 679
15 947
15 909
16 517
16 133
17 940
17 631
18 968
18 329
18 330
18 635
18 334
18 691
18 696
18 793
18 667
19 377
19 823
20 227
20 68
20 296
20 105
20 490
20 939
20 783
20 210
20 819
20 562
20 310
20 60
20 158
21 713
21 767
22 800
22 617
23 989
23 933
24 400
24 748
25 688
25 605
26 965
26 266
26 268
26 846
26 176
26 848
26 656
26 278
26 985
26 826
26 219
26 317
27 608
27 450
27 35
27 899
27 742
27 42
27 142
27 946
27 915
27 694
27 539
27 574
28 664
28 159
29 280
29 82
30 616
31 138
31 787
32 192
32 224
32 259
32 37
32 267
32 431
32 438
32 510
33 851
33 580
34 771
34 775
35 450
35 742
35 42
35 622
35 80
35 81
35 115
35 500
35 915
35 574
36 609
36 419
36 867
36 489
36 843
36 206
36 847
36 559
36 693
36 792
36 153
37 192
37 419
37 489
37 205
37 206
37 847
37 943
37 431
37 974
37 662
37 247
37 438
37 510
38 680
38 938
39 872
39 46
40 884
40 492
41 870
41 843
41 621
41 559
41 792
41 754
41 116
41 693
41 982
41 502
41 56
41 954
41 255
42 608
42 355
42 899
42 142
42 304
42 464
42 115
42 822
42 87
42 694
42 574
43 292
43 968
43 297
43 330
43 714
43 334
43 752
43 691
43 596
43 181
43 918
44 832
44 482
44 547
44 165
44 265
44 473
44 717
44 462
44 47
44 83
44 663
44 441
45 256
45 449
45 162
45 99
45 390
45 371
45 212
45 372
45 373
45 919
46 935
47 547
47 265
47 473
47 238
47 462
47 531
47 83
47 148
47 312
47 441
47 287
48 135
48 167
49 240
49 221
50 952
50 126
51 626
51 340
52 322
52 259
52 804
52 260
52 427
52 332
52 237
52 145
52 506
52 213
52 119
52 248
52 538
52 412
53 820
53 516
54 160
54 994
54 834
54 263
54 622
54 624
54 338
54 981
54 789
54 216
54 539
54 575
55 920
55 471
56 870
56 621
56 559
56 754
56 116
56 982
56 153
57 611
57 995
58 382
58 174
59 910
59 695
60 227
60 268
60 846
60 783
60 283
60 176
60 562
60 819
60 532
60 411
60 92
60 158
61 704
61 827
61 130
61 891
61 483
61 582
61 683
61 171
61 399
61 404
61 634
61 986
61 475
61 413
62 138
62 908
63 328
63 649
63 331
63 203
63 243
63 181
63 630
63 602
63 571
63 924
64 744
64 699
65 713
65 980
66 572
66 487
67 488
67 639
68 738
68 227
68 296
68 105
68 490
68 939
68 241
68 210
68 819
68 532
68 562
68 310
68 411
68 701
68 158
69 544
69 523
70 306
70 244
71 124
71 740
72 971
72 387
73 154
73 716
74 402
74 109
75 811
75 813
76 130
76 195
76 683
76 702
76 401
76 404
76 346
76 540
76 957
76 670
77 769
77 533
78 757
78 750
79 390
79 329
79 330
79 139
79 300
79 937
79 696
79 919
79 632
79 793
79 635
79 156
80 608
80 450
80 899
80 742
80 142
80 622
80 115
80 500
80 789
80 915
80 694
80 539
80 575
81 142
81 464
81 304
81 210
81 115
81 822
81 535
81 730
81 701
81 574
82 688
83 641
83 482
83 547
83 295
83 265
83 473
83 717
83 462
83 531
83 663
83 312
83 441
84 292
84 297
84 714
84 365
84 334
84 752
84 339
84 243
84 181
84 470
84 125
85 104
85 305
86 775
86 511
87 738
87 355
87 105
87 490
87 556
87 142
87 241
87 210
87 310
87 694
87 730
87 701
88 865
88 642
88 868
88 901
88 518
88 484
88 749
88 381
88 345
88 253
88 254
89 353
89 164
90 536
90 367
91 930
91 484
91 837
91 518
91 586
91 298
91 620
91 397
91 687
91 560
91 886
91 182
91 345
91 286
92 738
92 227
92 296
92 105
92 490
92 783
92 241
92 210
92 562
92 819
92 405
92 310
92 701
92 158
93 869
93 741
94 272
94 893
95 672
95 578
95 804
95 900
95 440
95 583
95 396
95 303
95 657
95 344
95 506
95 412
95 734
96 833
96 618
97 409
97 842
98 770
98 343
99 864
99 449
99 802
99 585
99 172
99 465
99 434
99 754
99 116
99 372
99 212
99 373
99 982
100 367
100 911
101 877
101 814
102 392
102 606
103 924
103 234
103 203
103 331
103 243
103 630
103 571
103 764
104 291
105 355
105 490
105 939
105 304
105 241
105 562
105 210
105 405
105 310
105 411
105 701
105 158
106 603
106 710
107 417
107 467
108 227
108 965
108 266
108 268
108 846
108 783
108 368
108 848
108 656
108 176
108 949
108 984
108 826
109 625
110 644
110 646
111 660
111 598
112 273
112 645
113 779
113 558
114 876
114 486
115 608
115 450
115 899
115 142
115 622
115 338
115 822
115 535
115 574
116 609
116 802
116 585
116 172
116 817
116 754
116 371
116 212
116 373
116 153
116 954
117 842
117 845
118 160
118 994
118 483
118 263
118 622
118 399
118 338
118 563
118 946
118 789
118 216
118 413
119 578
119 322
119 332
119 145
119 213
119 440
119 669
120 516
120 678
121 880
121 432
122 897
122 628
123 926
123 558
124 217
125 292
125 968
125 297
125 234
125 339
125 725
125 181
125 596
125 243
125 470
125 859
125 924
126 796
127 392
127 936
128 971
128 316
129 408
129 610
130 704
130 483
130 582
130 683
130 684
130 401
130 634
130 986
130 827
130 508
131 681
131 785
132 810
132 927
133 658
134 442
134 947
135 306
136 443
136 348
137 770
137 595
139 256
139 162
139 196
139 696
139 372
139 632
140 665
140 534
141 746
141 333
142 608
142 450
142 899
142 355
142 500
142 694
142 574
143 467
143 831
144 257
144 732
145 668
145 322
145 259
145 578
145 260
145 427
145 332
145 784
145 213
145 538
145 412
145 669
146 805
146 221
147 969
147 858
148 641
148 482
148 547
148 287
148 647
148 650
148 207
148 663
148 473
148 282
148 188
148 351
149 598
149 871
150 273
150 862
151 680
151 751
152 180
152 854
153 870
153 172
153 621
153 754
153 850
153 693
153 502
153 541
153 255
154 416
155 349
155 917
156 196
156 292
156 420
156 300
156 752
156 691
156 793
156 635
157 604
157 302
158 738
158 490
158 939
158 464
158 241
158 562
158 819
158 210
158 411
159 523
160 994
160 263
160 624
160 981
160 216
160 789
160 475
160 413
161 963
161 948
162 256
162 866
162 196
162 390
162 300
162 173
162 299
162 371
162 372
162 373
162 919
162 632
163 362
163 676
164 456
165 832
165 641
165 199
165 295
165 265
165 423
165 520
165 473
165 238
165 462
165 816
165 433
165 953
166 380
166 180
167 407
168 642
168 901
168 266
168 875
168 749
168 656
168 949
168 984
168 985
168 826
168 381
169 672
169 900
169 804
169 777
169 396
169 734
169 430
169 657
169 440
169 761
169 669
169 670
170 481
170 515
171 704
171 827
171 195
171 483
171 582
171 683
171 399
171 275
171 404
171 216
171 634
171 891
171 413
171 223
172 449
172 870
172 621
172 817
172 434
172 754
172 212
172 502
172 954
172 255
173 256
173 449
173 864
173 929
173 802
173 390
173 585
173 817
173 434
173 371
173 212
173 919
174 436
175 492
175 189
176 227
176 296
176 268
176 846
176 656
176 368
176 949
176 283
176 826
177 545
177 189
178 933
178 638
179 229
179 294
181 292
181 924
181 714
181 365
181 752
181 691
181 243
181 630
181 284
182 865
182 484
182 837
182 901
182 687
182 560
182 307
182 381
182 254
183 337
183 757
184 873
185 737
185 794
186 507
186 911
187 350
187 270
188 451
188 422
188 647
188 328
188 649
188 650
188 203
188 331
188 282
188 764
188 446
190 955
190 222
191 904
191 773
192 224
192 259
192 431
192 438
192 248
192 538
192 220
192 510
193 481
193 767
194 840
194 357
195 704
195 891
195 683
195 346
195 670
195 684
195 401
195 274
195 275
195 404
195 634
195 827
195 508
195 957
195 702
196 929
196 454
196 390
196 937
196 299
196 632
196 300
196 919
196 696
196 667
197 236
197 653
198 642
198 965
198 266
198 875
198 749
198 656
198 984
198 381
199 930
199 613
199 903
199 423
199 295
199 586
199 520
199 441
199 265
199 462
199 721
199 983
199 312
199 953
199 319
200 641
200 482
200 451
200 547
200 422
200 647
200 650
200 717
200 689
200 531
200 282
200 990
200 287
201 676
201 406
202 728
202 589
203 764
203 328
203 649
203 725
203 284
203 630
203 602
204 352
204 760
205 224
205 419
205 843
205 974
205 431
205 206
205 792
205 541
206 224
206 867
206 419
206 974
206 850
206 662
206 503
206 792
206 541
207 547
207 451
207 647
207 650
207 364
207 602
207 990
207 663
207 282
207 764
207 446
207 351
208 321
208 746
209 321
209 763
210 738
210 535
210 490
210 556
210 730
210 701
211 808
211 878
212 449
212 802
212 609
212 817
212 465
212 434
212 754
212 693
213 322
213 578
213 260
213 583
213 438
213 510
214 852
215 672
215 804
215 900
215 430
215 303
215 657
215 761
215 440
215 412
215 506
215 540
215 734
216 834
216 483
216 263
216 624
216 563
216 981
216 891
216 413
217 276
218 592
218 388
219 227
219 268
219 656
219 848
219 949
219 984
219 283
220 224
220 259
220 838
220 237
220 431
220 784
220 438
220 248
220 538
222 747
223 704
223 994
223 582
223 683
223 624
223 891
223 413
224 419
224 974
224 943
224 847
224 784
224 818
224 662
224 503
224 247
225 394
225 379
226 501
226 959
227 549
227 296
227 939
227 268
227 562
227 819
227 411
227 798
228 776
228 281
229 325
230 428
230 389
231 499
231 893
232 600
232 288
233 291
233 436
234 328
234 339
234 243
234 725
234 470
234 630
234 571
234 284
235 376
235 758
236 762
237 578
237 260
237 267
237 427
238 641
238 473
238 816
238 312
238 441
238 287
239 945
239 498
240 690
241 355
241 490
241 556
241 304
241 464
241 405
241 310
241 411
241 701
242 249
242 277
243 297
243 331
243 714
243 339
243 725
243 630
243 859
244 639
245 333
245 590
246 249
246 862
247 838
247 843
247 974
247 847
247 818
247 662
247 541
248 578
248 259
248 332
248 943
250 616
250 342
251 533
251 421
252 513
252 755
253 484
253 518
253 397
253 560
253 307
253 886
253 860
253 254
253 286
254 837
254 518
254 901
254 345
254 397
254 560
254 307
254 381
255 419
255 870
255 843
255 559
255 847
255 502
255 792
255 541
256 929
256 866
256 390
256 299
256 300
256 465
256 372
256 919
257 370
258 445
258 591
259 322
259 260
259 267
259 332
259 784
259 438
259 538
259 510
260 427
260 431
260 943
260 784
260 438
261 384
261 513
262 651
263 834
263 994
263 483
263 622
263 915
263 563
263 981
263 413
264 554
264 733
265 832
265 641
265 613
265 423
265 295
265 441
265 462
265 816
265 433
265 312
265 473
265 287
266 965
266 875
266 268
266 656
266 949
266 278
266 984
266 888
266 826
266 317
267 668
267 322
267 583
267 784
267 412
267 669
268 965
268 549
268 846
268 368
268 848
268 656
268 984
268 283
268 826
269 418
269 844
270 509
271 720
271 618
272 576
274 672
274 900
274 670
274 346
274 430
274 508
274 401
274 657
274 761
274 986
274 827
274 540
274 957
274 702
275 704
275 483
275 891
275 582
275 683
275 684
275 404
275 634
275 475
275 413
276 855
277 923
278 868
278 875
278 656
278 985
278 826
278 317
279 912
279 655
280 341
281 748
282 451
282 422
282 649
282 650
282 331
282 364
282 689
282 602
282 764
282 446
282 351
283 939
283 846
283 848
283 562
283 819
283 532
283 949
283 798
284 968
284 297
284 331
285 952
285 493
286 865
286 930
286 484
286 837
286 518
286 586
286 298
286 687
286 560
286 345
286 860
287 641
287 482
287 547
287 531
287 312
287 473
287 990
287 351
288 340
289 347
289 301
290 448
290 612
292 968
292 297
292 329
292 330
292 365
292 752
292 918
292 667
293 414
293 599
294 806
295 832
295 520
295 423
295 903
295 462
295 816
295 721
295 983
295 312
295 441
296 939
296 783
296 368
296 405
296 532
296 411
296 798
297 968
297 714
297 365
297 334
297 596
297 470
297 630
298 930
298 484
298 903
298 586
298 560
298 433
298 307
298 886
298 983
298 953
298 860
298 319
299 866
299 420
299 454
299 937
299 696
299 372
299 919
299 632
299 667
300 454
300 937
300 919
300 696
300 793
300 667
301 782
302 807
303 672
303 900
303 440
303 777
303 396
303 430
303 344
303 540
303 830
304 899
304 556
304 500
304 310
304 535
304 694
304 701
304 574
305 797
307 930
307 837
307 520
307 586
307 560
307 983
307 953
307 319
308 424
308 525
309 993
309 895
310 738
310 490
310 562
310 464
310 405
311 548
311 910
312 641
312 423
312 520
312 816
312 433
312 441
313 768
313 477
314 780
314 519
315 707
315 597
316 927
317 865
317 642
317 868
317 901
317 875
317 656
317 888
317 985
317 826
317 381
318 945
319 930
319 520
319 586
319 423
319 441
319 462
319 560
319 433
319 983
319 953
320 698
320 557
322 578
322 583
322 427
322 332
322 396
322 506
322 538
322 668
322 734
323 455
323 359
324 908
324 774
325 327
326 628
326 517
327 660
328 764
328 649
328 650
328 725
328 602
328 446
329 937
329 330
329 632
329 691
329 696
329 635
330 937
330 714
330 365
330 752
330 918
330 696
330 667
331 364
331 596
331 725
331 630
331 859
331 446
332 578
332 804
332 427
332 538
332 412
334 968
334 635
334 365
334 470
334 696
334 793
334 667
335 671
335 815
336 512
336 735
337 593
338 742
338 622
338 946
338 981
338 575
339 968
339 714
339 365
339 752
339 596
339 630
339 859
339 924
341 395
342 350
343 711
344 672
344 702
344 734
344 430
344 830
344 657
344 440
344 761
344 540
344 669
344 670
345 865
345 868
345 484
345 518
345 837
345 901
345 875
345 620
345 687
345 888
346 986
346 777
346 657
346 761
346 634
346 827
346 508
346 702
347 851
348 370
349 928
351 482
351 547
351 451
351 422
351 717
351 689
351 531
351 663
351 473
352 460
353 590
354 739
354 406
355 535
355 556
355 730
355 701
355 574
356 403
356 525
357 463
358 589
358 750
359 950
360 537
360 682
361 499
361 463
362 980
363 978
363 572
364 451
364 422
364 647
364 649
364 602
364 571
364 764
364 446
365 968
365 596
365 918
365 630
366 716
366 445
368 965
368 549
368 939
368 846
368 819
368 532
368 949
368 798
369 967
371 864
371 449
371 866
371 802
371 585
371 817
371 434
371 373
371 954
372 449
372 866
372 802
372 929
372 585
372 465
372 373
373 864
373 929
373 449
373 390
373 585
373 465
373 919
374 524
374 845
375 395
375 485
376 959
377 808
378 795
378 587
379 389
380 718
381 865
381 868
381 901
381 875
381 620
381 749
381 687
381 888
382 610
383 477
383 814
384 766
385 810
386 692
386 686
387 740
388 871
390 929
390 454
390 465
390 919
391 697
391 723
393 921
393 697
394 453
396 672
396 578
396 440
396 506
396 412
396 669
396 734
397 865
397 868
397 837
397 901
397 620
397 749
397 560
397 886
398 400
398 594
399 704
399 994
399 483
399 582
399 683
399 475
399 891
401 900
401 684
401 657
401 761
401 986
401 827
401 508
401 702
402 631
403 654
404 582
404 684
404 634
404 986
404 891
404 508
405 490
405 556
405 819
405 730
405 411
405 701
407 972
408 907
409 498
410 612
410 607
411 738
411 549
411 490
411 939
411 562
411 532
412 578
412 804
412 583
412 506
412 734
413 704
413 483
413 683
413 624
413 475
414 611
415 997
415 925
416 592
417 763
418 640
419 870
419 974
419 559
419 818
419 541
420 752
420 691
420 918
420 696
420 793
420 667
421 841
422 482
422 647
422 650
422 689
422 531
422 663
422 446
423 832
423 930
423 462
423 433
423 953
424 976
425 444
425 781
426 552
426 820
427 578
427 583
427 538
427 668
428 747
429 874
429 652
430 900
430 830
430 657
430 440
430 761
430 508
430 670
431 838
431 489
431 974
431 847
431 784
431 818
431 438
431 510
432 993
433 832
433 903
433 816
434 864
434 449
434 802
434 585
434 817
434 754
434 465
434 954
435 604
435 551
437 579
437 453
438 838
438 974
438 943
438 662
438 538
438 510
439 977
439 703
440 900
440 804
440 583
440 734
440 657
440 506
440 761
440 668
440 830
441 832
441 903
441 983
442 505
443 858
444 524
446 859
446 451
446 649
446 650
446 602
446 571
447 785
447 511
448 619
449 802
449 465
449 954
450 742
450 946
450 915
450 563
450 789
451 647
451 649
451 650
451 717
451 689
451 990
451 602
452 889
452 732
454 929
454 866
454 919
454 696
454 635
455 685
456 709
457 723
457 476
458 605
458 863
459 529
459 905
460 692
461 522
461 751
462 520
462 816
462 473
462 953
464 738
464 556
464 822
465 864
466 480
466 627
468 906
468 955
469 824
469 887
470 968
470 714
470 752
470 596
470 630
471 521
472 652
472 645
473 832
473 641
473 482
473 816
473 689
474 772
474 654
475 704
475 827
475 483
475 582
475 624
475 634
475 891
476 569
478 557
478 581
479 724
479 861
480 623
482 641
482 650
482 689
482 531
483 704
483 891
483 624
483 634
484 865
484 930
484 837
484 518
484 687
484 886
484 860
485 970
486 765
487 815
488 567
489 843
489 943
489 850
489 503
489 792
489 541
490 738
490 939
490 556
490 562
490 819
490 701
491 780
491 719
494 565
494 879
495 769
495 615
496 828
496 629
497 931
497 877
500 608
500 899
500 742
500 694
500 574
500 575
501 925
502 870
502 847
502 559
502 754
502 792
502 541
503 847
503 974
503 662
503 792
503 510
504 745
504 996
505 528
506 672
506 804
506 900
506 583
506 669
507 588
508 777
508 670
508 684
508 657
508 634
508 827
508 540
508 957
508 702
509 898
510 974
510 784
510 943
512 587
514 546
514 644
515 839
518 865
518 868
518 837
518 620
518 687
518 860
519 828
520 613
520 586
520 903
520 953
521 726
522 951
526 576
526 633
527 788
527 646
528 707
529 863
530 835
530 796
531 832
531 717
531 816
531 689
532 965
532 549
532 939
532 783
532 798
534 727
535 899
535 556
535 694
535 822
535 701
535 574
536 989
537 677
538 578
538 784
538 662
539 742
539 622
539 563
539 981
539 694
539 574
540 672
540 900
540 670
540 657
540 957
540 830
541 870
541 843
541 559
541 847
541 974
541 818
541 792
542 916
542 550
543 727
544 743
546 659
547 816
547 689
547 663
547 990
548 932
549 783
549 562
549 819
550 758
551 825
552 648
553 892
553 935
555 724
555 829
556 822
556 730
556 701
559 867
559 870
559 843
559 621
559 754
559 850
559 982
559 792
559 954
560 837
560 903
560 586
560 721
560 953
560 860
561 564
561 942
562 738
563 624
563 575
564 833
565 715
566 874
567 705
568 640
568 577
569 988
570 584
570 964
571 924
571 725
571 764
573 729
573 675
574 608
574 899
574 822
574 575
575 608
575 994
575 742
575 622
575 981
575 915
575 946
577 617
578 804
578 583
578 669
578 734
579 629
580 987
581 913
582 704
582 683
582 624
582 891
583 668
583 804
583 669
583 734
584 627
585 864
585 754
585 954
586 613
586 886
586 983
588 759
591 885
593 638
594 812
595 995
596 968
596 725
596 859
596 924
597 907
599 967
600 756
601 896
601 614
602 647
602 649
602 650
602 725
602 859
603 790
606 976
607 661
608 899
608 946
608 822
609 870
609 621
609 817
609 850
609 693
609 954
613 903
613 721
613 983
613 953
614 675
615 779
619 706
620 868
620 875
620 687
620 985
621 867
621 870
621 843
621 817
621 850
621 693
621 982
622 742
622 946
622 981
622 789
622 915
623 923
624 994
624 946
624 915
624 789
624 981
625 988
626 677
630 968
630 725
630 859
630 924
632 866
632 937
632 919
632 696
632 793
632 635
632 667
633 977
634 704
634 891
634 684
634 827
634 957
635 696
636 979
636 829
637 920
637 735
641 832
641 717
641 816
641 689
641 663
642 865
642 875
642 749
642 848
642 984
642 985
642 826
643 894
643 895
647 649
647 717
647 689
648 844
649 764
649 725
649 924
650 717
650 663
650 764
650 990
651 962
653 987
655 936
656 846
656 848
656 888
656 949
656 984
656 985
656 826
656 798
657 900
657 777
657 670
657 761
657 830
658 922
659 956
661 916
662 838
662 943
662 784
662 818
663 832
663 717
663 689
663 990
664 712
665 940
666 963
666 774
667 691
667 918
667 793
668 669
668 830
669 804
669 830
669 734
670 672
670 900
670 986
670 957
671 966
672 900
672 777
672 830
672 761
673 756
673 709
674 760
674 898
678 825
679 979
681 881
682 776
683 704
683 684
683 827
684 777
684 986
685 801
686 786
687 865
687 868
689 717
690 711
691 968
691 714
691 793
693 817
693 850
693 754
693 982
693 954
694 899
694 822
695 861
696 918
696 793
699 897
700 890
700 997
701 738
701 822
701 730
702 900
702 777
702 986
702 827
703 932
704 891
705 741
706 883
708 731
712 824
714 752
714 918
715 836
717 990
718 880
719 806
720 840
721 930
721 837
721 953
722 973
722 958
725 859
725 924
726 931
728 857
729 753
731 961
733 856
734 804
734 830
736 960
736 961
737 892
738 939
739 855
742 789
743 869
744 812
745 905
749 868
749 901
749 875
749 984
749 826
752 968
752 918
752 793
753 978
754 870
754 817
754 954
755 921
759 975
761 777
761 830
762 922
764 859
764 990
765 821
766 790
771 788
773 852
777 986
777 957
777 830
778 992
778 821
781 894
782 803
783 846
783 819
784 838
786 992
787 799
789 994
789 946
789 915
789 981
791 960
791 917
792 843
792 847
792 850
792 818
793 937
793 918
794 941
795 964
797 951
798 949
799 801
800 912
802 866
802 982
803 962
804 830
805 813
807 958
811 872
816 832
817 864
817 982
818 838
818 843
818 974
818 847
819 939
819 846
822 899
823 973
826 965
827 986
827 891
830 900
831 909
834 994
834 946
834 915
834 981
835 884
836 998
837 930
837 886
838 974
838 943
839 904
841 934
843 870
843 847
843 850
846 965
847 850
848 965
848 984
849 942
849 878
850 870
853 972
853 948
854 856
857 969
859 924
860 930
860 983
860 953
864 929
864 982
864 954
865 901
865 868
865 888
866 929
866 919
867 870
868 984
868 888
873 934
875 901
875 888
875 985
876 906
879 914
881 928
882 970
882 941
883 887
885 998
886 930
886 903
888 901
888 984
888 985
889 944
890 975
896 956
902 938
902 991
903 930
913 944
915 946
919 929
919 937
924 968
930 983
930 953
943 974
946 981
949 965
949 984
950 966
953 983
957 986
965 984
981 994
984 985
991 996
